Run Subrun Event
6871 72 3628 
5169 89 4493 
6959 106 5338 
5127 95 4780 
5921 104 5225 
5437 54 2741 
6382 70 3544 
6906 18 917 
6998 76 3843 
6520 42 2104 
5177 6 307 
6596 43 2176 
6960 169 8477 
5265 54 2727 
5265 109 5486 
6198 219 10986 
6854 2 145 
6888 94 4742 
5201 9 500 
6230 59 2992 
5182 9 474 
6776 4 220 
6671 71 3559 
5399 4 244 
6674 24 1238 
5017 15 769 
6905 65 3284 
6070 115 5794 
6663 46 2349 
6549 74 3710 
6763 64 3239 
6210 32 1619 
6977 79 3963 
6766 57 2893 
6482 115 5782 
5616 64 3217 
6358 32 1614 
6510 50 2545 
6589 83 4151 
5915 3 199 
6953 16 815 
