Run Subrun Event
7726 19 991 
6968 10 518 
7146 53 2653 
6093 4 249 
7017 453 22651 
5375 15 791 
7021 422 21124 
7139 27 1376 
7020 719 35951 
7020 26 1339 
7023 506 25308 
7003 1482 74116 
7014 655 32780 
7026 128 6435 
7012 914 45727 
7014 62 3108 
7020 1661 83098 
7054 1069 53499 
5925 156 7814 
7018 971 48561 
7008 690 34507 
7014 795 39781 
7004 1178 58920 
7004 1178 58936 
7026 609 30491 
7020 855 42789 
6205 19 991 
7390 39 1984 
7020 1958 97905 
7049 1037 51891 
7055 806 40308 
6778 11 558 
6778 14 709 
7012 1321 66095 
7010 649 32475 
7012 1154 57741 
7051 69 3479 
7012 1061 53075 
7054 1268 63447 
7008 1079 53975 
7008 1079 53990 
7017 1283 64188 
7054 87 4367 
6098 150 7516 
7017 1707 85373 
7014 709 35496 
7010 919 45974 
7017 1585 79296 
7327 90 4515 
7019 180 9029 
7025 80 4009 
7003 1651 82561 
7003 1651 82566 
7055 784 39245 
7014 1428 71437 
6780 161 8056 
6780 164 8210 
7026 312 15627 
5153 24 1246 
7054 496 24820 
7022 282 14139 
7682 51 2592 
6031 100 5007 
5235 0 18 
6404 115 5770 
5000 41 2052 
7018 6 325 
7018 6 350 
7486 60 3018 
7054 1947 97379 
7054 1947 97384 
7003 417 20855 
5361 150 7525 
5191 83 4186 
7049 1314 65703 
7049 1314 65708 
5171 21 1069 
7010 1699 84987 
7018 928 46405 
7018 928 46431 
7020 1175 58798 
7018 39 1951 
7054 1267 63380 
5341 119 5990 
7010 1287 64385 
7004 1471 73582 
5333 56 2815 
5226 0 35 
7003 691 34571 
7054 1885 94280 
7020 1656 82833 
5564 93 4683 
5564 98 4926 
7020 1271 63566 
7008 1464 73207 
5339 84 4218 
7054 1135 56782 
5605 20 1049 
7003 175 8762 
7008 679 33960 
7008 679 33995 
7014 278 13917 
7010 1706 85323 
7026 799 39983 
5941 29 1494 
7004 800 40006 
7054 284 14247 
7021 754 37708 
7492 50 2537 
7014 8 436 
7010 377 18858 
6021 47 2392 
6021 50 2514 
6021 51 2560 
7010 951 47577 
7023 1004 50233 
7026 802 40138 
7004 1314 65741 
7004 1314 65748 
7010 1382 69121 
7020 383 19183 
7054 455 22797 
7049 872 43648 
7054 448 22406 
7012 221 11061 
7048 35 1779 
6779 83 4181 
6102 41 2062 
7014 539 26985 
5906 60 3046 
7003 1161 58065 
7003 1161 58082 
7016 99 4999 
7049 1881 94079 
7011 208 10418 
7054 1338 66912 
7003 1305 65286 
7026 623 31152 
5564 50 2516 
7020 1097 54896 
7016 374 18746 
7004 1252 62622 
5134 26 1347 
7018 56 2844 
7004 495 24759 
7017 792 39628 
7049 1674 83714 
7049 1674 83736 
6285 22 1142 
7010 1154 57749 
7026 322 16106 
5478 7 384 
5478 8 421 
7049 1972 98626 
7023 786 39341 
7764 21 1072 
7012 1379 68973 
5046 84 4223 
7001 228 11410 
7006 179 8995 
7014 1003 50155 
7006 1 58 
7006 1 59 
7018 30 1505 
7018 30 1520 
7018 30 1540 
7020 21 1078 
7049 1500 75009 
7054 1576 78849 
7011 73 3686 
7011 73 3692 
7049 459 22971 
7023 466 23350 
7001 6 322 
7022 31 1597 
7001 18 904 
7008 1355 67787 
7021 597 29863 
7054 108 5408 
6090 96 4831 
7055 752 37631 
7012 1341 67070 
5625 167 8377 
7003 339 16960 
7003 339 16988 
6752 5 251 
7014 1217 60865 
7014 1217 60896 
7012 998 49908 
7012 998 49919 
7020 1198 59918 
7020 1198 59941 
5042 55 2795 
7023 79 3957 
7010 160 8030 
7049 1068 53413 
7049 1068 53437 
7144 5 271 
7010 71 3586 
7008 924 46238 
7012 1616 80829 
6999 13 656 
7012 895 44775 
7012 686 34326 
7018 92 4629 
7022 21 1059 
5773 1 81 
7008 552 27649 
7001 1088 54417 
7001 1088 54445 
7014 429 21464 
5460 8 450 
7020 340 17030 
7012 1604 80215 
7013 172 8641 
7014 315 15754 
7020 1432 71620 
7004 1475 73753 
7004 1475 73791 
7026 634 31703 
7004 184 9215 
7004 184 9239 
7010 1718 85925 
6419 12 628 
5628 1 53 
7012 529 26487 
7025 362 18140 
7012 186 9332 
7025 203 10184 
7019 278 13943 
7004 524 26214 
7017 1306 65343 
7017 1306 65347 
7023 1443 72168 
7023 1443 72195 
7014 1449 72488 
7014 1108 55408 
7017 739 36996 
7010 838 41912 
7026 428 21414 
7018 616 30833 
7049 512 25611 
7049 512 25629 
7018 757 37868 
7018 757 37881 
7018 757 37883 
7003 1078 53937 
7025 55 2799 
6114 67 3399 
7003 404 20245 
7026 165 8289 
5354 27 1375 
5161 15 775 
6080 160 8005 
7016 266 13345 
7016 266 13350 
7049 1639 81956 
7004 1559 77966 
7004 867 43382 
7010 220 11013 
7020 1612 80617 
7127 20 1029 
7049 1783 89158 
7014 108 5427 
7004 53 2651 
7003 1535 76794 
7020 1038 51946 
7003 265 13283 
7006 413 20659 
7010 470 23524 
7649 123 6184 
7006 182 9150 
7016 144 7209 
7008 1063 53158 
7008 1063 53176 
7048 178 8931 
7012 157 7851 
7010 889 44463 
7010 889 44500 
7023 1776 88809 
6037 11 594 
6037 14 737 
7003 1536 76828 
7001 727 36365 
7001 727 36387 
7001 727 36396 
5017 5 270 
7716 48 2414 
7022 1 74 
6305 0 7 
7010 1280 64038 
7003 1460 73011 
7020 556 27841 
6205 98 4925 
7011 46 2345 
7049 1716 85829 
7023 1785 89296 
7018 906 45319 
7008 1014 50745 
7006 611 30590 
7025 150 7512 
7017 1115 55783 
7049 462 23105 
7023 540 27035 
7018 565 28264 
7001 1038 51915 
6575 53 2655 
6575 53 2675 
7689 3 169 
7001 722 36143 
7026 250 12506 
7026 250 12532 
7049 668 33420 
7012 1456 72815 
7025 448 22401 
7014 719 35987 
7054 505 25264 
7054 505 25266 
7020 770 38525 
7020 770 38531 
7020 770 38542 
7020 1752 87617 
7054 324 16234 
7049 47 2380 
7023 215 10763 
5616 14 730 
5616 45 2264 
6981 115 5799 
7054 311 15570 
7004 185 9286 
5060 102 5125 
5441 48 2414 
7055 123 6156 
7055 123 6188 
7017 373 18652 
7023 205 10290 
7003 1001 50071 
7014 1728 86449 
7049 1662 83139 
7008 252 12631 
7014 1416 70810 
7023 804 40234 
7055 805 40284 
7023 1050 52505 
7010 587 29366 
7017 420 21022 
7021 813 40686 
7020 128 6420 
7020 128 6439 
7049 1499 74973 
7049 71 3554 
7049 71 3590 
7411 68 3439 
7049 859 42974 
7049 859 42987 
7025 2 111 
7008 1103 55185 
6571 139 6957 
7008 746 37302 
7049 1367 68376 
7054 1543 77178 
7054 1543 77188 
7010 810 40504 
7010 391 19577 
7011 120 6041 
7018 173 8696 
7003 1189 59454 
7006 533 26685 
7021 760 38001 
7008 1228 61449 
7020 1680 84038 
7025 118 5934 
7017 849 42458 
7001 119 5965 
7023 39 1966 
7003 775 38788 
5561 132 6617 
6603 39 1996 
7021 479 23988 
7010 913 45680 
7026 555 27774 
7049 740 37033 
7006 506 25349 
7017 783 39180 
7017 783 39187 
7008 101 5052 
7008 101 5054 
7023 204 10249 
7011 212 10639 
7010 19 951 
7010 19 978 
7054 1193 59658 
7017 246 12344 
7025 238 11941 
7018 781 39074 
7010 1687 84382 
7014 929 46490 
7019 126 6324 
7014 549 27455 
7003 1527 76378 
7003 1527 76390 
7485 51 2576 
7055 93 4664 
7049 1967 98398 
7010 1456 72802 
7004 493 24675 
7049 1782 89119 
7004 1607 80365 
7054 1785 89251 
7019 312 15605 
7010 345 17265 
7012 1414 70701 
7004 664 33217 
7010 850 42516 
7013 108 5436 
7010 1729 86491 
6999 40 2044 
7006 30 1535 
7016 37 1885 
7012 938 46931 
7049 114 5736 
7049 114 5741 
7017 522 26117 
7023 1338 66950 
7025 13 680 
7049 566 28313 
7023 212 10640 
6789 133 6668 
7012 1724 86235 
6468 61 3059 
7001 1071 53560 
7049 1659 82977 
7017 828 41417 
5625 54 2750 
7023 715 35790 
7059 11 561 
7020 262 13120 
7054 1984 99228 
7054 912 45602 
7054 912 45634 
7021 350 17520 
7010 1469 73481 
7021 692 34606 
7023 248 12409 
7049 526 26345 
7001 1025 51298 
7026 593 29677 
7026 593 29681 
7026 593 29692 
7003 1710 85529 
7026 566 28303 
5433 31 1562 
5433 33 1668 
7014 646 32350 
7054 65 3271 
7010 774 38717 
7054 1992 99617 
7049 1370 68504 
7721 12 632 
5539 20 1009 
7049 1086 54330 
7049 557 27863 
7049 557 27892 
7049 320 16019 
6026 81 4071 
7054 952 47650 
7003 841 42051 
7019 240 12046 
7019 363 18166 
7048 60 3001 
7019 577 28857 
7010 1309 65464 
7017 547 27384 
5065 0 3 
7004 118 5929 
7022 196 9845 
7023 346 17330 
7023 346 17345 
7049 1520 76021 
6461 21 1070 
7014 1502 75130 
7054 1542 77147 
7023 142 7114 
7022 204 10235 
7049 295 14768 
7020 850 42507 
7020 850 42522 
7020 850 42536 
7004 1656 82805 
7049 1299 64986 
7054 1829 91475 
7022 32 1649 
7019 295 14761 
7001 707 35361 
7004 543 27178 
7054 376 18814 
7023 113 5668 
7008 1406 70306 
7026 776 38829 
7023 1790 89502 
7003 812 40645 
7055 103 5187 
7667 89 4451 
7023 1366 68313 
6285 36 1822 
6285 40 2046 
7003 285 14289 
7010 727 36377 
7004 898 44916 
7014 289 14455 
7474 107 5387 
7008 646 32321 
7020 234 11720 
7019 351 17552 
7054 231 11588 
7014 308 15410 
7013 200 10003 
7054 1971 98593 
7003 405 20284 
6854 114 5712 
7012 352 17603 
7018 937 46862 
7017 331 16582 
7670 2 101 
7018 577 28874 
7017 409 20466 
7017 1338 66944 
7017 1338 66945 
7019 322 16137 
7019 322 16149 
7021 593 29655 
7021 593 29684 
7014 1278 63945 
7001 235 11782 
7054 1953 97658 
7054 1953 97661 
7054 1953 97688 
7020 889 44486 
6080 84 4201 
6606 77 3877 
7020 660 33050 
7023 1721 86095 
6058 74 3716 
7141 59 2971 
7055 173 8661 
7003 1424 71209 
7003 1424 71239 
6665 34 1714 
7023 1393 69671 
7023 1393 69695 
7054 1236 61822 
7049 822 41126 
7054 1835 91777 
7014 212 10601 
7014 212 10634 
7010 285 14256 
7017 1326 66322 
7003 585 29269 
7023 73 3664 
7008 539 26961 
7012 622 31150 
7010 39 1980 
7503 49 2496 
7023 326 16320 
7046 107 5386 
7008 284 14210 
7012 1490 74507 
7012 1490 74519 
7012 1066 53344 
7016 140 7033 
7047 24 1226 
7047 24 1237 
7021 610 30502 
6114 157 7885 
7049 338 16934 
7049 1649 82488 
7049 1649 82491 
7004 539 26963 
5155 92 4633 
7004 879 43962 
7025 493 24682 
5916 30 1511 
6959 3 198 
7020 607 30373 
7004 729 36467 
7008 931 46572 
7004 1730 86546 
7010 1119 55963 
7010 1119 55984 
7021 548 27438 
7023 1361 68063 
6030 10 507 
7018 38 1933 
7018 475 23775 
7008 334 16725 
7012 1577 78875 
7054 956 47843 
7046 94 4709 
7012 892 44618 
7023 883 44183 
7013 181 9056 
7017 657 32890 
7018 166 8319 
7006 516 25812 
5019 23 1154 
6375 30 1546 
7054 28 1427 
7049 827 41397 
7049 1077 53860 
6773 232 11638 
7013 187 9381 
7008 1347 67374 
6111 48 2404 
7145 55 2788 
7049 1294 64710 
7021 557 27891 
7004 180 9004 
7023 747 37369 
7023 747 37391 
7003 1186 59333 
5165 6 330 
7026 820 41022 
7004 1709 85480 
7004 1709 85499 
7010 1555 77780 
7026 449 22480 
7026 449 22484 
7023 808 40424 
7003 165 8251 
7003 165 8275 
6281 145 7288 
7017 352 17634 
6216 88 4416 
7018 610 30511 
5513 3 172 
6798 44 2224 
7012 1118 55917 
7012 1118 55918 
7008 1140 57032 
7562 191 9585 
7004 73 3664 
7010 137 6890 
5106 181 9075 
6859 159 7967 
6195 74 3744 
7020 47 2391 
7023 1290 64502 
7003 904 45234 
7017 445 22284 
7054 1485 74258 
7004 25 1256 
7017 888 44402 
5021 33 1673 
7293 14 734 
7014 16 811 
7017 994 49716 
7010 52 2606 
7010 52 2622 
7017 1644 82225 
7017 1414 70718 
7012 148 7426 
7049 704 35223 
7049 1120 56025 
7003 566 28338 
7004 1159 57966 
6288 115 5772 
6288 115 5777 
7017 1331 66595 
6916 212 10608 
7003 1575 78762 
5914 115 5795 
7025 5 254 
7049 1246 62315 
7008 866 43321 
7003 153 7665 
7049 665 33297 
7017 121 6080 
7054 254 12710 
7008 786 39311 
7016 394 19749 
7010 542 27118 
7054 974 48713 
7003 1220 61002 
7010 910 45526 
7026 133 6700 
7054 1781 89075 
7001 704 35225 
7001 704 35232 
7001 76 3822 
7046 24 1249 
7049 1074 53746 
7014 35 1751 
6915 80 4006 
7003 640 32046 
7021 607 30395 
7023 1193 59686 
5933 57 2897 
7105 3 162 
7014 1708 85441 
7001 59 2995 
6448 204 10215 
7017 1222 61137 
7008 1349 67496 
7049 918 45947 
7021 222 11109 
7021 222 11144 
7017 694 34725 
7017 694 34742 
7049 1794 89748 
7049 1581 79067 
7054 1454 72748 
7049 272 13620 
7020 1229 61481 
7013 120 6028 
5187 171 8562 
7165 31 1564 
7054 1842 92113 
7023 778 38943 
5515 200 10001 
5515 200 10040 
7049 583 29151 
7018 359 17951 
7023 1252 62628 
7021 575 28777 
7048 30 1515 
7048 30 1544 
7010 1333 66699 
7004 290 14542 
7010 1330 66533 
7014 363 18190 
7017 1446 72309 
7026 759 37967 
7026 759 37989 
7010 1448 72444 
7021 15 798 
7055 818 40948 
7049 638 31925 
7026 215 10767 
7012 1610 80521 
7054 1462 73125 
7026 447 22373 
7006 158 7924 
7006 158 7946 
7053 24 1227 
7023 173 8659 
7023 173 8697 
6140 20 1035 
6140 24 1235 
7054 1210 60549 
7001 53 2684 
5093 164 8230 
7014 1055 52751 
6805 4 207 
5966 12 623 
6917 25 1266 
6024 64 3208 
7019 196 9809 
7019 196 9814 
7054 782 39124 
7014 40 2031 
7010 855 42755 
7020 1321 66099 
7010 1652 82624 
7023 1256 62845 
6063 23 1192 
7054 907 45364 
7018 549 27485 
7017 1217 60855 
4997 0 18 
4997 3 198 
7012 1726 86301 
7012 1726 86323 
7004 596 29824 
7004 596 29832 
7001 709 35456 
5376 22 1120 
7006 565 28264 
7006 565 28278 
6999 56 2842 
6999 56 2849 
7021 547 27356 
7021 18 937 
7021 18 946 
7010 625 31266 
6859 224 11216 
6859 224 11236 
6859 228 11437 
7018 602 30115 
7025 331 16574 
7010 931 46559 
7010 931 46562 
7010 931 46585 
7003 784 39250 
7004 786 39335 
7017 1333 66686 
7014 1231 61585 
7012 606 30350 
7023 1781 89080 
7020 453 22677 
7010 1133 56687 
7010 1133 56698 
7001 426 21350 
7054 619 30989 
7008 230 11507 
7023 1157 57851 
6198 68 3423 
7018 470 23510 
7054 1787 89394 
7003 1358 67907 
7003 1358 67939 
7018 272 13619 
7004 443 22199 
7026 97 4860 
7010 475 23772 
7012 1385 69256 
7049 850 42515 
5412 88 4418 
7026 741 37079 
6230 97 4872 
7004 1466 73308 
7004 1466 73338 
7018 451 22571 
6747 1 96 
7055 236 11839 
7049 1087 54365 
7012 502 25135 
7001 618 30924 
7014 906 45347 
7014 906 45349 
7010 953 47662 
7023 635 31758 
7023 1659 82956 
6453 33 1696 
7014 1091 54570 
7004 36 1837 
7055 272 13605 
7001 1154 57749 
7003 1501 75098 
7049 944 47216 
7020 268 13447 
7020 1373 68686 
7020 1373 68697 
7048 19 992 
7020 1324 66214 
5389 6 314 
7049 1934 96709 
7049 1934 96723 
7020 1281 64093 
7012 829 41465 
7025 166 8302 
7021 154 7731 
6562 11 582 
6873 18 904 
7055 130 6549 
7010 782 39115 
7017 1366 68335 
7054 1030 51538 
7003 326 16345 
7001 338 16930 
7049 1028 51440 
7017 351 17590 
7008 1078 53933 
5517 10 545 
7017 816 40819 
7003 1539 76953 
7010 661 33059 
7014 437 21858 
7014 437 21871 
7018 739 36970 
7049 1127 56396 
7018 257 12865 
7018 858 42906 
5353 7 395 
7023 1389 69477 
7004 768 38407 
7016 87 4357 
7012 1290 64529 
7017 346 17309 
7001 680 34007 
7001 680 34047 
7025 366 18315 
7004 237 11852 
7049 975 48764 
7012 919 46000 
7054 1520 76048 
5396 68 3418 
7014 231 11570 
7013 196 9812 
7010 1174 58701 
7004 1232 61604 
7014 694 34725 
7049 275 13781 
7012 1607 80382 
5360 5 300 
7017 1204 60204 
5915 79 3961 
7014 1427 71377 
7017 291 14552 
7018 233 11676 
7018 233 11693 
7021 249 12474 
7010 1232 61606 
6908 87 4380 
6908 88 4424 
7008 1339 67000 
7014 1623 81175 
7021 632 31613 
7004 1224 61220 
7004 1224 61249 
7018 863 43177 
7014 1065 53288 
7004 822 41135 
7008 133 6691 
7014 474 23734 
7021 482 24140 
5519 40 2048 
7008 735 36758 
7003 748 37412 
7003 748 37432 
7014 493 24690 
6412 87 4392 
7048 151 7575 
7008 1069 53482 
5512 135 6786 
7026 828 41420 
7017 939 46978 
7018 392 19637 
7014 600 30040 
7010 791 39554 
7010 791 39567 
7026 693 34684 
7004 1432 71622 
7026 48 2402 
7049 908 45429 
7010 715 35751 
7010 715 35799 
7014 513 25665 
6231 32 1627 
7019 229 11478 
7046 15 780 
7014 892 44622 
7019 445 22280 
6863 15 763 
7669 114 5709 
7001 350 17538 
7004 680 34027 
7008 817 40875 
7008 817 40899 
7001 57 2873 
7023 232 11630 
6582 60 3043 
7018 663 33188 
7016 272 13603 
6024 56 2812 
6024 63 3169 
6859 151 7564 
7016 41 2094 
7004 1650 82527 
6221 12 618 
7016 180 9033 
7023 1567 78356 
7014 1089 54484 
7014 121 6091 
5151 10 533 
7001 892 44631 
7017 912 45643 
7022 233 11675 
7022 233 11684 
7022 233 11698 
7023 1051 52566 
7020 1415 70800 
7003 1292 64643 
7014 662 33127 
7017 897 44853 
5233 138 6922 
7010 760 38030 
7011 66 3349 
7020 1114 55714 
7025 41 2055 
7055 43 2178 
7018 501 25088 
7026 667 33376 
5019 81 4068 
5019 82 4106 
7020 422 21141 
7026 299 14978 
7001 109 5452 
7001 109 5472 
7023 1232 61605 
7017 63 3170 
7014 1069 53490 
6423 175 8788 
7011 6 305 
6298 107 5369 
7001 844 42216 
7010 1592 79604 
7020 959 47977 
7020 959 47984 
7055 793 39687 
7017 1654 82705 
7010 528 26404 
7049 1165 58282 
7049 1165 58294 
5361 1 52 
7562 219 10984 
7017 674 33737 
7012 1276 63813 
7020 1135 56767 
7021 132 6636 
7023 208 10422 
7020 288 14441 
6366 53 2671 
6366 58 2940 
7020 1315 65757 
7020 1315 65793 
7049 1903 95181 
7003 1388 69428 
7054 586 29338 
7001 43 2200 
7017 9 462 
7006 314 15742 
7020 179 9000 
7054 1290 64525 
7010 676 33836 
7017 290 14536 
7016 214 10742 
7023 1207 60389 
7021 643 32178 
7010 1645 82282 
7049 2026 101316 
6376 7 379 
7025 337 16875 
7023 1042 52132 
7019 490 24508 
7023 1802 90116 
7054 1830 91545 
7010 189 9469 
7016 181 9075 
7014 817 40883 
5137 1 74 
5137 4 216 
7007 59 2988 
7023 1703 85165 
7018 397 19890 
7008 546 27338 
7014 782 39115 
7014 782 39135 
7021 218 10943 
7469 38 1905 
7049 1817 90870 
6315 16 836 
7012 1322 66124 
7011 29 1471 
7010 1598 79945 
7023 190 9503 
7011 277 13880 
7049 917 45896 
7003 765 38273 
7004 1011 50564 
7004 1011 50582 
7023 1438 71922 
7014 1112 55645 
7016 57 2886 
7004 1548 77419 
7003 1533 76671 
7012 781 39096 
7003 1372 68640 
7008 271 13594 
7001 790 39537 
7004 1422 71108 
7004 1422 71128 
7003 427 21396 
7003 363 18199 
7014 1418 70901 
7026 574 28747 
7014 34 1726 
7014 34 1739 
7020 1082 54150 
5441 27 1368 
7022 188 9403 
7049 469 23469 
7049 469 23486 
7014 42 2113 
7017 511 25564 
7019 112 5633 
7023 1426 71344 
7017 1555 77762 
7054 1354 67718 
7020 745 37286 
7017 1058 52949 
7049 1548 77420 
7049 1548 77440 
7001 122 6107 
7011 304 15234 
7054 1273 63652 
7017 656 32826 
6190 126 6343 
7049 1857 92859 
7017 1119 55963 
7006 547 27382 
7026 527 26389 
7054 1223 61176 
7010 365 18299 
7049 506 25341 
7010 95 4757 
7010 95 4785 
7012 1615 80763 
7012 1552 77619 
7006 101 5067 
7018 156 7845 
7014 1425 71278 
6002 34 1747 
7010 1626 81301 
7025 37 1872 
7054 346 17311 
7026 193 9700 
4998 85 4267 
4998 88 4401 
6649 38 1940 
7017 1501 75071 
7054 1508 75409 
6092 52 2616 
7008 325 16287 
7047 51 2582 
7020 255 12773 
7017 612 30625 
7017 585 29251 
7017 585 29300 
7001 599 29959 
7019 223 11177 
7014 1105 55288 
6106 93 4653 
7020 950 47542 
6798 63 3183 
7025 386 19332 
7025 386 19337 
7025 386 19342 
7010 1258 62944 
7349 63 3173 
4982 127 6353 
7004 1131 56561 
7004 1131 56590 
7021 541 27081 
7014 1252 62630 
7003 1136 56829 
7008 315 15753 
5060 94 4717 
5941 14 705 
5941 16 820 
7017 565 28274 
7017 565 28284 
7054 394 19707 
7008 1405 70288 
7018 898 44915 
7023 578 28907 
7012 677 33880 
7491 103 5156 
5154 55 2798 
7010 1562 78134 
7013 195 9753 
7013 195 9768 
7021 534 26721 
6314 56 2832 
7004 927 46373 
7003 624 31245 
5541 36 1818 
6658 56 2850 
7054 340 17029 
6956 47 2393 
7023 1249 62496 
5370 121 6079 
5370 124 6247 
7023 1756 87831 
7018 535 26752 
7055 321 16080 
7020 196 9807 
7020 196 9844 
7021 390 19511 
7010 1588 79438 
7012 984 49214 
7023 1106 55305 
7019 571 28552 
7018 946 47321 
7018 883 44165 
7001 775 38758 
7012 1521 76085 
7001 400 20020 
7025 352 17610 
7025 352 17616 
7017 1200 60030 
7010 1480 74024 
7010 1251 62572 
7021 39 1981 
7021 39 1994 
7018 239 11985 
7011 265 13261 
7011 265 13277 
7023 648 32413 
7049 804 40250 
6121 15 778 
7014 1338 66941 
7014 1384 69243 
7014 1037 51857 
6632 35 1775 
7017 1148 57438 
7004 1126 56302 
7054 366 18344 
7023 1685 84300 
5090 184 9207 
7022 24 1202 
7049 487 24364 
7049 487 24371 
7049 270 13546 
7023 354 17716 
7014 407 20364 
7049 151 7556 
5394 21 1079 
7010 1573 78685 
7021 150 7507 
7016 342 17118 
6616 106 5328 
6231 56 2842 
7012 301 15064 
7004 1483 74195 
7055 325 16268 
7055 325 16290 
7003 1023 51184 
7001 1052 52642 
5463 21 1059 
7020 378 18908 
7054 1995 99759 
5929 41 2053 
7003 1437 71863 
7012 477 23874 
6022 11 598 
6022 11 600 
6022 138 6905 
7012 118 5945 
7023 1246 62304 
7004 111 5590 
7054 1858 92910 
7008 1007 50352 
7054 1898 94949 
7012 237 11889 
7023 1927 96374 
7004 335 16758 
7018 277 13859 
6074 133 6679 
7025 393 19670 
7012 1434 71731 
7023 1098 54919 
7020 1511 75598 
7049 597 29879 
7054 507 25391 
7014 410 20543 
7049 1125 56281 
7022 199 9961 
7018 452 22644 
7014 1478 73950 
7018 448 22411 
7007 120 6005 
7012 1255 62794 
7018 880 44049 
7008 634 31722 
7054 1755 87759 
7010 1581 79075 
7014 1562 78118 
7025 250 12519 
7006 477 23894 
7021 555 27779 
7014 457 22863 
7017 1315 65786 
7055 661 33073 
7008 218 10914 
7008 218 10930 
6633 52 2617 
7055 767 38373 
7054 1719 85954 
7025 515 25756 
7054 793 39678 
7017 1203 60152 
7003 1391 69557 
7011 233 11687 
7025 600 30022 
7008 1451 72573 
7019 547 27385 
5155 144 7206 
6091 68 3446 
7054 879 43965 
7054 879 43974 
7054 1039 51991 
7023 275 13774 
7012 708 35430 
7013 191 9587 
7055 718 35915 
7026 199 9975 
7023 930 46521 
7049 1488 74405 
7049 1488 74449 
7004 1236 61803 
7055 315 15782 
7025 77 3883 
7004 1158 57943 
7003 1734 86714 
7012 513 25697 
7001 654 32750 
7010 764 38209 
7054 970 48531 
6596 84 4209 
7021 494 24728 
7006 347 17386 
7010 81 4079 
7022 100 5018 
7021 82 4125 
7017 1275 63794 
7003 1208 60418 
7004 1605 80289 
7004 1605 80300 
7023 1941 97076 
6782 2 141 
7048 134 6737 
7048 134 6739 
7001 537 26858 
7001 1115 55770 
7004 1601 80062 
7010 1631 81583 
7008 27 1353 
7388 31 1556 
7017 580 29013 
7054 1009 50462 
7054 1009 50483 
7026 832 41621 
7003 217 10868 
7003 217 10898 
7017 1149 57485 
7049 1652 82634 
7012 1074 53707 
7012 1074 53735 
7021 793 39678 
6975 40 2005 
7021 113 5674 
6768 30 1548 
7014 461 23054 
5418 12 607 
6444 72 3610 
7012 885 44286 
7004 1622 81112 
7017 972 48642 
7054 867 43351 
7021 45 2295 
7004 597 29900 
7011 234 11749 
5021 30 1533 
7020 1459 72961 
6979 149 7457 
7046 6 308 
7046 6 310 
7008 222 11137 
5169 6 348 
6918 95 4794 
7008 1444 72208 
7008 1444 72240 
7023 490 24543 
7048 183 9168 
7049 5 284 
7018 497 24878 
7049 609 30483 
7010 1055 52776 
7023 13 658 
7023 13 695 
7008 734 36739 
7021 393 19654 
7021 393 19668 
7003 1100 55016 
7025 629 31490 
7048 58 2901 
7014 781 39057 
7007 117 5897 
5001 72 3642 
7008 799 39954 
7008 799 39973 
7004 1197 59887 
6192 160 8004 
7012 1528 76410 
6401 9 463 
7010 231 11597 
7026 793 39700 
7004 1393 69653 
7006 284 14211 
5984 3 197 
7023 801 40079 
7004 288 14428 
7001 1102 55117 
7001 1102 55125 
7014 1317 65864 
7014 1317 65865 
7003 1190 59526 
7008 511 25589 
7008 666 33344 
7021 718 35930 
7021 718 35935 
7003 519 25999 
7023 1152 57614 
7023 259 12978 
7006 263 13187 
7003 291 14596 
7021 68 3410 
7004 1448 72438 
7022 126 6313 
7004 853 42680 
7004 853 42693 
7021 128 6449 
7049 1802 90139 
6614 106 5327 
7049 1046 52310 
7014 1532 76627 
7345 51 2582 
7049 935 46786 
6052 99 4960 
7012 1643 82189 
7018 167 8385 
7014 585 29252 
7014 585 29288 
7023 1640 82050 
7017 1425 71299 
7017 773 38668 
7003 1019 50994 
7004 39 1952 
7010 1099 54955 
7010 1099 54975 
5509 31 1566 
7019 153 7681 
7020 697 34882 
7004 454 22718 
7026 234 11741 
7003 526 26349 
7003 277 13869 
7014 1647 82383 
7055 816 40833 
7022 109 5476 
7022 109 5478 
7004 707 35397 
5577 44 2209 
5577 45 2287 
7012 1569 78457 
6080 144 7206 
6080 144 7237 
6080 151 7565 
6080 151 7587 
7055 286 14314 
7143 12 645 
7014 1516 75842 
7004 483 24174 
7014 1523 76152 
7012 405 20298 
7012 405 20299 
7010 386 19336 
6118 159 7988 
6118 220 11002 
7007 100 5041 
7014 1193 59652 
6417 109 5462 
7020 1869 93478 
7020 1869 93486 
7020 308 15432 
7006 311 15584 
7003 1474 73724 
6092 143 7199 
6092 150 7533 
7012 1702 85115 
7004 1116 55819 
7004 1116 55826 
7020 198 9917 
7020 198 9928 
6118 126 6313 
7003 1738 86923 
7017 1334 66720 
7006 604 30215 
7018 534 26738 
7008 1426 71319 
7003 921 46060 
7003 921 46062 
6012 10 541 
6439 80 4043 
7004 713 35692 
7046 45 2293 
7058 17 889 
7055 305 15292 
7014 331 16576 
7026 873 43657 
7004 1476 73850 
7014 1247 62383 
7008 136 6802 
7054 1055 52772 
7054 1055 52799 
6462 31 1575 
6462 32 1613 
6916 121 6062 
7054 443 22177 
7048 138 6920 
7004 906 45307 
7020 552 27619 
7012 1423 71177 
7003 1246 62348 
7055 430 21508 
5061 57 2854 
7016 230 11535 
6963 26 1337 
6429 162 8110 
6429 162 8117 
7020 1936 96802 
7046 96 4811 
7046 96 4817 
7012 1230 61505 
7023 104 5205 
7020 1204 60215 
7026 506 25312 
7026 506 25338 
7054 171 8585 
7054 555 27769 
7054 1472 73630 
7022 84 4211 
7022 84 4227 
7022 84 4244 
7018 186 9345 
7004 719 35978 
7010 1341 67059 
5235 70 3522 
7017 1536 76835 
7004 1497 74877 
6050 48 2411 
7003 1229 61488 
7020 270 13508 
7051 89 4471 
7004 1723 86171 
6206 33 1668 
5519 143 7177 
7017 838 41910 
7055 432 21621 
7021 100 5019 
7687 1 75 
7008 153 7687 
7001 471 23592 
7008 48 2420 
7049 1502 75120 
7026 389 19451 
7003 1723 86191 
7017 190 9504 
7017 190 9535 
7023 1033 51685 
7003 1493 74670 
7049 830 41515 
7017 647 32385 
7047 9 495 
7047 9 499 
7017 1748 87407 
6007 78 3925 
7054 1906 95307 
7054 1906 95347 
5611 88 4409 
7023 992 49606 
7023 238 11916 
7023 238 11947 
7474 63 3200 
7003 221 11067 
7003 1193 59666 
6379 15 777 
7020 1586 79315 
7055 594 29701 
7026 143 7188 
7014 769 38480 
7713 13 680 
7017 1434 71736 
7017 1434 71737 
7017 1434 71744 
5547 99 4993 
7014 1443 72186 
5204 37 1851 
7003 1480 74040 
7012 990 49547 
7047 65 3263 
7003 311 15578 
7003 311 15585 
7023 862 43106 
6347 64 3235 
5394 45 2254 
7054 1161 58071 
7014 1407 70367 
7055 583 29176 
6007 51 2553 
6007 59 2991 
7055 570 28508 
5091 0 23 
5091 2 119 
7055 611 30579 
7055 654 32703 
7054 1916 95844 
7055 525 26298 
7055 573 28675 
