Run Subrun Event
8736 52 2642 
10796 174 8743 
10883 259 12952 
9563 199 9994 
10669 39 1963 
9458 223 11152 
10648 298 14924 
8866 4 217 
10558 59 2968 
9649 198 9911 
11029 96 4808 
10649 87 4398 
8471 213 10683 
8471 215 10773 
10694 26 1314 
9290 53 2668 
8518 33 1691 
10849 91 4574 
10849 95 4783 
9201 154 7728 
10601 30 1524 
9307 143 7184 
9370 136 6811 
9370 136 6836 
10987 137 6874 
10436 199 9966 
10898 72 3611 
10721 291 14564 
8860 41 2092 
10442 189 9478 
9597 287 14391 
9445 163 8200 
9445 165 8279 
9545 225 11260 
8852 66 3309 
9698 80 4028 
9675 150 7503 
9392 24 1210 
10646 193 9672 
10675 340 17001 
8907 15 776 
8907 17 871 
9637 14 716 
9033 3 155 
10747 127 6375 
9061 129 6467 
9532 6 334 
9498 253 12690 
8939 33 1672 
9300 56 2844 
10888 258 12905 
10888 258 12937 
10888 259 12961 
9226 75 3798 
8553 219 10988 
10724 7 373 
8708 321 16078 
9386 107 5355 
10447 28 1409 
8434 10 512 
8434 12 626 
10442 22 1123 
8810 96 4833 
9228 61 3074 
10634 72 3602 
9702 211 10598 
9515 359 17975 
9483 52 2639 
9578 153 7652 
10694 160 8013 
8590 71 3593 
10593 334 16728 
10937 38 1920 
9594 108 5434 
10728 35 1765 
9526 195 9781 
9217 131 6589 
9217 134 6704 
10927 160 8004 
9654 47 2372 
8935 75 3795 
9523 320 16041 
8490 44 2205 
8409 99 4963 
8590 167 8390 
8787 6 301 
8787 6 302 
8787 6 341 
9510 29 1484 
8915 54 2750 
8915 57 2881 
10846 252 12611 
9649 182 9148 
10471 146 7302 
8813 161 8068 
9191 49 2452 
9023 23 1169 
10379 4 244 
9437 11 581 
9311 123 6182 
9576 4 218 
11024 63 3200 
9049 119 5975 
9377 21 1056 
9265 9 474 
10624 315 15771 
10683 331 16589 
8579 91 4556 
10595 14 719 
10625 45 2265 
8719 67 3399 
8862 179 8982 
10966 264 13207 
8566 82 4125 
8566 85 4252 
8566 85 4274 
8957 39 1984 
8886 257 12898 
9610 11 576 
8920 21 1054 
8920 35 1764 
8789 45 2281 
10629 128 6429 
9510 217 10863 
9468 32 1608 
10765 67 3358 
9567 258 12939 
9479 147 7382 
10721 138 6945 
8878 11 598 
9243 79 3993 
9279 6 330 
9279 8 420 
9255 9 479 
8446 1 98 
9684 344 17246 
10714 74 3739 
10491 97 4898 
8538 6 304 
8754 40 2019 
8754 40 2037 
9231 53 2698 
8562 110 5508 
10716 290 14547 
8794 322 16128 
10810 128 6444 
9535 439 21967 
10819 105 5270 
9347 26 1316 
10894 141 7075 
10480 203 10185 
10480 204 10204 
10624 248 12428 
10897 151 7579 
10886 112 5602 
10846 36 1821 
8541 101 5067 
9470 202 10128 
9597 259 12990 
10674 5 276 
9562 137 6854 
9538 508 25418 
10595 199 9976 
10724 21 1080 
8770 204 10239 
9386 135 6786 
10597 314 15705 
10778 58 2945 
10529 44 2220 
9336 150 7513 
8498 0 25 
8617 15 778 
10379 7 351 
8579 60 3044 
10839 152 7644 
10839 152 7649 
9034 13 682 
10954 0 50 
10954 2 127 
8813 91 4588 
10530 107 5365 
10725 59 2987 
10795 227 11400 
9370 198 9906 
9195 252 12627 
9564 560 28004 
9618 43 2178 
8811 44 2245 
9681 25 1283 
8507 7 381 
9569 191 9575 
9592 278 13921 
8690 69 3457 
9604 44 2226 
10561 94 4715 
10668 199 9979 
10382 117 5889 
9369 166 8321 
10908 48 2410 
8878 50 2514 
8878 52 2625 
10475 31 1599 
10966 281 14060 
11024 34 1712 
8720 8 434 
9208 75 3793 
11027 264 13213 
9649 121 6065 
9649 121 6093 
8759 172 8636 
10516 50 2546 
10533 178 8923 
10675 184 9208 
10725 137 6898 
9519 131 6593 
9559 201 10082 
8750 167 8392 
10836 20 1027 
8769 144 7201 
10987 163 8151 
9618 208 10412 
9500 162 8138 
9349 37 1873 
9349 57 2873 
9307 225 11251 
9562 52 2636 
9678 28 1438 
9076 37 1881 
9076 37 1898 
9472 26 1323 
8539 171 8589 
8868 81 4097 
10750 37 1866 
10612 149 7466 
10800 193 9666 
10523 261 13094 
10737 70 3503 
10448 16 826 
8697 69 3462 
10765 29 1455 
9531 419 20989 
9341 166 8325 
9341 170 8509 
10660 33 1696 
8650 24 1224 
9704 27 1386 
10719 131 6566 
11027 55 2770 
11027 55 2785 
8687 81 4065 
9411 13 654 
8936 305 15276 
8465 268 13422 
10908 58 2907 
9404 45 2282 
9726 26 1308 
10928 15 784 
10928 17 885 
9668 123 6151 
10690 68 3440 
9444 11 592 
10634 105 5259 
9023 48 2449 
8430 105 5282 
9690 6 319 
10634 333 16661 
9729 70 3511 
9407 176 8835 
8957 99 4998 
10602 179 8982 
9567 306 15336 
9546 155 7767 
9344 155 7797 
8993 6 313 
9525 59 2961 
9525 59 2972 
9694 75 3786 
10688 105 5283 
10355 282 14136 
9362 85 4286 
10824 54 2720 
10828 67 3380 
8906 128 6441 
8943 0 25 
10634 36 1811 
10704 26 1331 
10716 192 9647 
9449 55 2771 
10741 79 3999 
9072 108 5421 
10727 110 5504 
10921 1 96 
9677 167 8355 
8690 29 1486 
10597 148 7417 
10383 37 1871 
10569 67 3382 
9317 71 3581 
8447 4 217 
9703 2 132 
8918 72 3640 
8553 244 12226 
9210 136 6823 
9008 67 3365 
9486 238 11947 
9527 387 19367 
9499 425 21295 
9531 110 5532 
8660 56 2847 
9336 310 15531 
9505 5 280 
10735 226 11315 
10756 233 11698 
10849 174 8747 
10683 127 6388 
9370 154 7740 
9370 156 7848 
9545 246 12324 
10857 140 7016 
10720 4 203 
9706 56 2844 
10694 43 2177 
10786 130 6535 
10898 44 2227 
10898 60 3038 
10869 49 2497 
10307 21 1083 
10544 18 926 
8701 125 6258 
9597 422 21106 
10886 48 2423 
8905 32 1625 
10520 322 16128 
10809 22 1134 
10809 27 1377 
10784 146 7350 
10656 28 1401 
9535 208 10434 
10928 32 1627 
10813 64 3224 
8894 134 6708 
8894 137 6877 
9075 261 13051 
8648 145 7295 
10704 113 5671 
10704 115 5797 
10791 81 4090 
9542 176 8843 
9458 6 326 
9458 9 485 
9684 254 12742 
9602 467 23384 
9288 196 9839 
9586 514 25727 
10668 281 14099 
9636 137 6868 
9669 72 3607 
9411 21 1086 
8687 277 13854 
10925 17 885 
9523 98 4909 
8619 17 883 
10745 115 5761 
9239 66 3337 
9632 86 4349 
9576 563 28170 
9576 564 28230 
9002 191 9588 
9340 55 2782 
8719 236 11823 
10508 59 2964 
10611 4 249 
9225 152 7618 
9298 166 8337 
9298 179 8990 
9675 72 3631 
9614 9 484 
10445 88 4419 
10846 316 15841 
8476 113 5687 
8506 47 2382 
8750 133 6673 
9725 49 2488 
10975 10 543 
10975 11 589 
10956 36 1806 
8656 92 4647 
8656 94 4721 
8751 23 1184 
8448 51 2600 
9503 0 35 
8889 163 8189 
10666 190 9514 
10772 297 14885 
10757 76 3849 
11039 161 8069 
8955 72 3636 
9364 91 4599 
9090 64 3243 
10662 16 825 
10517 156 7820 
10818 82 4149 
10928 127 6393 
8548 98 4915 
8548 101 5059 
9670 9 498 
9578 429 21453 
10741 39 1962 
8695 106 5336 
10886 158 7925 
10886 159 7988 
10696 198 9928 
9602 525 26284 
9067 55 2775 
10805 35 1766 
9617 77 3892 
9617 78 3902 
10307 23 1190 
9340 81 4084 
9361 23 1190 
10807 105 5252 
9289 106 5328 
8616 88 4403 
8616 90 4516 
10534 13 685 
10563 321 16063 
10745 5 258 
9639 184 9217 
9065 67 3382 
9694 125 6290 
8709 83 4189 
8709 85 4292 
9238 18 905 
10631 42 2116 
8936 4 217 
10584 196 9831 
9326 2 149 
10502 23 1167 
9653 300 15024 
9698 68 3421 
8529 166 8318 
10921 84 4209 
8441 42 2109 
9576 580 29024 
9545 118 5926 
8664 50 2523 
9095 173 8676 
10648 0 45 
10648 2 139 
10578 247 12387 
9526 35 1763 
10953 32 1618 
9570 307 15369 
10706 42 2138 
9023 183 9162 
10721 202 10135 
8902 49 2468 
10688 210 10525 
10501 60 3042 
10727 265 13264 
9649 164 8250 
8724 1 66 
9230 32 1614 
9002 182 9128 
9395 350 17520 
8862 327 16357 
9362 172 8612 
9362 172 8636 
8759 128 6442 
10656 16 820 
10693 166 8347 
8589 179 8974 
10707 5 300 
9704 216 10838 
8537 320 16002 
10442 148 7444 
9563 94 4702 
9246 0 24 
9039 69 3456 
11041 8 403 
9338 288 14437 
10834 193 9699 
11027 118 5923 
10505 55 2797 
8783 0 16 
10537 66 3331 
8975 69 3454 
10570 22 1118 
8960 102 5107 
8960 105 5251 
10556 13 664 
10646 228 11441 
8796 239 11971 
10755 60 3035 
9468 149 7480 
9395 281 14091 
10936 38 1939 
9602 126 6307 
8719 95 4755 
9457 98 4901 
10729 19 978 
10729 22 1119 
8462 33 1692 
8459 40 2007 
9349 269 13453 
8990 47 2390 
8769 91 4599 
9095 139 6966 
9095 139 6999 
9690 48 2410 
10580 131 6596 
8974 48 2428 
9216 19 999 
8800 65 3264 
9684 261 13082 
8589 255 12788 
9206 50 2547 
10888 343 17191 
10756 249 12453 
8553 181 9071 
8553 184 9235 
9632 98 4930 
10480 80 4016 
10545 115 5784 
8646 95 4760 
8972 120 6028 
10432 304 15219 
10805 90 4523 
9576 552 27627 
9407 113 5692 
9064 148 7450 
9277 55 2779 
10696 266 13321 
9423 195 9757 
8936 140 7006 
8514 6 317 
10849 216 10846 
9650 104 5247 
9273 60 3006 
9434 248 12403 
8687 293 14677 
10533 207 10352 
10810 121 6078 
10920 27 1365 
9446 60 3035 
9446 61 3080 
10591 206 10306 
8762 270 13503 
8935 179 8995 
8809 1 66 
8700 1 68 
8756 11 555 
8800 68 3423 
10803 107 5386 
9675 8 446 
10680 170 8510 
9395 31 1562 
9069 66 3331 
9341 295 14782 
10521 216 10802 
9040 280 14039 
10654 105 5253 
9615 122 6143 
9356 47 2367 
9702 194 9736 
9578 248 12415 
9191 54 2740 
9532 8 408 
9532 8 449 
9532 22 1115 
8688 110 5531 
10484 20 1019 
10484 20 1029 
10689 69 3471 
9651 49 2499 
10629 143 7199 
10841 95 4798 
8995 124 6232 
10845 68 3443 
10836 80 4010 
10488 70 3549 
8746 123 6196 
9347 169 8497 
9563 70 3538 
8720 171 8593 
8720 172 8624 
9665 10 516 
8661 14 749 
8907 133 6685 
9370 111 5598 
9543 109 5498 
8931 116 5839 
8680 137 6887 
9500 612 30646 
9583 309 15460 
8918 3 172 
10721 98 4909 
8714 31 1593 
8714 33 1657 
10629 91 4560 
10574 32 1647 
9618 30 1525 
9530 32 1641 
9356 71 3596 
9461 287 14364 
9533 122 6134 
9040 342 17137 
8435 32 1650 
9532 102 5124 
9538 515 25769 
9654 92 4605 
10925 269 13478 
9467 65 3265 
10969 0 43 
8960 22 1120 
11025 12 621 
10697 4 208 
10394 12 621 
8460 70 3530 
9378 40 2022 
8427 202 10147 
10952 119 5972 
9678 208 10447 
9546 148 7430 
10613 28 1415 
9523 435 21790 
8520 7 362 
9192 89 4478 
10563 37 1899 
9325 121 6078 
9325 122 6129 
8918 172 8620 
8740 49 2495 
10623 84 4236 
10798 92 4649 
9407 92 4642 
8683 5 253 
10517 98 4910 
10517 111 5569 
9516 132 6643 
9432 93 4676 
10795 209 10499 
9468 127 6377 
10886 250 12536 
8620 115 5777 
9477 159 7962 
10888 175 8788 
9345 315 15775 
9511 64 3241 
9682 343 17194 
9245 109 5472 
9580 18 934 
10756 31 1555 
9538 48 2408 
10520 155 7789 
9338 207 10356 
10672 130 6537 
10761 41 2085 
10761 41 2089 
9216 166 8320 
10580 3 181 
9030 182 9126 
9590 210 10518 
9008 92 4625 
9564 505 25260 
10725 106 5307 
10725 109 5468 
9395 238 11948 
9297 103 5196 
8648 195 9775 
9033 119 5961 
9033 119 5986 
8746 142 7138 
8897 19 966 
10813 35 1772 
9632 113 5655 
9632 114 5725 
10789 14 702 
9590 361 18077 
10355 157 7894 
10355 158 7941 
9546 93 4659 
10762 67 3396 
10608 50 2547 
10523 232 11604 
9341 257 12887 
10894 22 1119 
10894 23 1194 
10831 83 4187 
10831 84 4218 
9285 51 2585 
8995 119 5989 
8908 179 8985 
10516 68 3402 
9345 281 14056 
9394 241 12078 
9546 216 10821 
9546 218 10901 
8893 308 15427 
10897 34 1725 
10897 35 1790 
8750 145 7288 
8762 55 2797 
8974 21 1096 
10793 34 1726 
11139 53 2660 
11598 47 2380 
11721 136 6832 
11565 243 12159 
11895 188 9442 
13465 19 989 
11240 22 1110 
11931 34 1739 
11090 122 6104 
11135 129 6480 
11881 205 10278 
11646 98 4905 
11168 127 6370 
11696 59 2996 
11557 77 3893 
11636 40 2002 
11559 64 3202 
11921 301 15096 
11521 147 7357 
11937 9 462 
11636 50 2534 
11617 12 621 
11606 209 10470 
11664 26 1305 
11885 72 3616 
13583 46 2321 
11811 142 7123 
11811 193 9678 
11761 102 5132 
11134 158 7908 
11854 40 2048 
11682 61 3064 
11919 91 4560 
11830 29 1485 
11187 79 3983 
11186 49 2488 
11765 12 636 
11574 69 3458 
11729 4 234 
11763 149 7470 
11875 12 619 
11230 1 73 
11578 5 269 
11715 31 1558 
11647 12 634 
13465 45 2254 
11754 77 3879 
11866 127 6373 
11677 76 3802 
11279 1 87 
11786 6 316 
11930 200 10012 
11120 58 2931 
12004 10 547 
11751 30 1538 
11581 97 4861 
11742 33 1699 
11119 277 13875 
11505 122 6114 
12461 11 571 
11913 100 5007 
11614 131 6556 
11930 70 3511 
11938 105 5264 
13540 104 5227 
11794 28 1438 
11507 148 7439 
11545 126 6331 
11537 80 4028 
11120 79 3959 
11756 222 11127 
11630 107 5376 
11786 200 10002 
11791 24 1201 
11763 117 5858 
11845 25 1287 
11845 25 1291 
11845 127 6375 
11074 69 3478 
11508 49 2494 
13460 28 1443 
11745 76 3804 
11745 76 3812 
11833 18 942 
11931 13 660 
11609 298 14911 
11149 325 16256 
11149 325 16267 
11943 170 8541 
11666 80 4041 
11198 55 2755 
11885 58 2910 
11682 14 713 
11915 295 14757 
12561 383 19165 
11186 1 99 
11190 6 324 
11644 4 221 
11644 4 238 
11816 143 7153 
11884 227 11374 
11286 52 2650 
11926 153 7670 
11926 258 12946 
12561 132 6616 
11678 195 9798 
11685 12 650 
11905 38 1934 
11149 94 4744 
11929 93 4670 
11537 215 10797 
11135 17 882 
11759 184 9211 
11558 12 601 
11884 216 10835 
11631 179 8966 
11606 255 12754 
11800 178 8944 
11196 194 9701 
11914 84 4241 
11531 187 9368 
11564 19 987 
11591 16 848 
11186 169 8471 
11848 51 2588 
11591 73 3678 
11609 267 13368 
11278 85 4291 
11915 317 15851 
11112 235 11760 
11537 98 4902 
11909 264 13233 
11784 37 1865 
11637 179 8971 
11848 147 7371 
11721 41 2068 
11895 225 11285 
11713 88 4413 
11527 27 1390 
11509 142 7135 
11884 318 15945 
11759 32 1618 
11759 259 12959 
11640 45 2254 
11668 3 156 
11133 42 2134 
11501 43 2160 
11933 268 13421 
11930 197 9866 
11550 40 2045 
11936 5 270 
11283 111 5579 
11134 142 7132 
11738 99 4998 
11678 183 9192 
11879 251 12573 
11619 116 5823 
11816 136 6807 
11290 340 17003 
11685 313 15682 
11628 99 4971 
11769 21 1077 
11149 258 12936 
11813 262 13141 
11531 155 7784 
11601 136 6826 
11589 207 10358 
11619 129 6496 
11926 294 14719 
11769 59 2998 
11775 111 5597 
11935 78 3950 
11935 89 4467 
11243 9 479 
11721 39 1982 
11290 119 5951 
11841 70 3541 
12558 104 5217 
11605 43 2184 
11605 43 2196 
11169 85 4299 
11632 63 3165 
11292 16 810 
11906 79 3998 
11906 101 5080 
11745 234 11720 
11090 203 10194 
11631 176 8818 
11707 17 862 
11218 5 294 
11720 127 6366 
11830 74 3726 
13542 38 1922 
11087 20 1014 
11846 110 5505 
11696 63 3166 
11804 186 9347 
11652 44 2216 
11606 100 5014 
11742 199 9951 
11879 163 8173 
11186 325 16283 
11653 76 3838 
11930 24 1241 
11545 248 12418 
11924 210 10509 
11737 15 791 
11921 42 2114 
13463 11 598 
11543 276 13807 
11832 141 7094 
11629 32 1644 
11723 39 1989 
11923 19 977 
11923 19 998 
11574 185 9285 
11601 80 4017 
9726 262 13115 
10694 32 1645 
8800 41 2095 
9603 288 14440 
10687 124 6223 
10616 30 1532 
11116 106 5340 
13660 229 11489 
13660 229 11492 
13569 2 142 
11901 0 13 
11886 21 1088 
11253 71 3595 
11111 10 507 
12027 5 288 
11625 64 3231 
11784 0 6 
11518 119 5998 
13660 66 3310 
11756 172 8643 
13569 31 1569 
11904 62 3114 
11783 41 2087 
11756 47 2359 
11756 209 10476 
11756 209 10498 
11518 53 2699 
11186 22 1123 
13660 121 6070 
13568 84 4245 
13491 12 602 
12016 290 14504 
12016 290 14548 
11755 119 5980 
13568 62 3116 
11712 92 4615 
11518 5 269 
12016 178 8920 
11845 126 6333 
11524 148 7418 
11182 149 7494 
11784 20 1014 
13662 198 9943 
13643 97 4878 
13505 2 150 
13505 27 1399 
13559 15 778 
8770 24 1215 
12543 71 3596 
13626 6 311 
11973 42 2131 
13683 170 8544 
12542 191 9595 
13626 37 1874 
11952 1 60 
13547 40 2043 
12010 44 2226 
12485 5 252 
11976 39 1979 
12004 179 8956 
12004 179 8964 
12505 128 6423 
13561 132 6644 
12566 58 2946 
11974 95 4781 
11974 108 5435 
12039 217 10865 
12021 40 2018 
13643 122 6144 
12449 255 12787 
12070 234 11735 
12495 84 4211 
12495 228 11440 
13647 52 2616 
11989 64 3218 
13683 106 5321 
13683 153 7692 
11869 83 4192 
12367 9 476 
12025 207 10393 
11108 52 2623 
12451 62 3150 
12071 298 14945 
12485 44 2224 
12485 50 2548 
12039 257 12897 
12566 138 6943 
11095 238 11903 
13676 40 2035 
13466 93 4674 
11963 353 17665 
13676 70 3514 
12543 332 16627 
11872 169 8470 
12062 16 827 
12368 62 3118 
12418 69 3468 
12418 80 4023 
12506 104 5218 
13635 18 936 
12449 53 2690 
13675 207 10368 
11976 243 12153 
12034 8 424 
12365 32 1638 
13561 172 8645 
11080 204 10231 
12454 279 13987 
12380 96 4836 
12539 214 10708 
12004 49 2467 
12454 355 17792 
12366 27 1377 
13661 153 7660 
13479 92 4607 
13623 121 6058 
13623 121 6092 
12508 263 13178 
12517 93 4689 
12073 67 3357 
13683 73 3681 
11094 96 4819 
11976 244 12241 
13638 181 9099 
12497 163 8164 
11970 0 42 
12054 197 9888 
13616 296 14806 
13642 81 4051 
12068 188 9406 
13678 99 4954 
12368 41 2055 
11973 21 1089 
12450 6 324 
12139 160 8033 
11110 14 749 
11953 31 1569 
12025 309 15464 
12069 144 7206 
13662 40 2025 
11977 93 4671 
13624 34 1745 
13540 69 3497 
12543 285 14264 
13510 62 3127 
13510 62 3142 
11746 22 1122 
13651 8 419 
12143 4 240 
12066 185 9278 
13674 198 9929 
12020 56 2838 
11976 460 23007 
11869 130 6520 
11869 179 8958 
13655 30 1504 
12041 140 7048 
12073 39 1952 
12442 148 7417 
12045 110 5519 
13583 261 13062 
13593 68 3433 
12107 18 915 
12541 36 1847 
12090 30 1538 
13661 132 6618 
12553 13 693 
11952 7 366 
13465 87 4395 
12454 58 2917 
12056 359 17959 
13687 170 8507 
13687 170 8508 
13687 170 8534 
12498 68 3421 
13688 53 2691 
13688 53 2698 
13688 72 3620 
11965 100 5037 
11965 299 14987 
12145 253 12668 
12145 253 12687 
11625 0 11 
11625 50 2522 
13580 36 1825 
12544 9 465 
11943 138 6907 
12520 20 1011 
11110 30 1516 
13661 180 9027 
13474 6 317 
11998 44 2244 
13568 96 4843 
12036 90 4510 
11080 87 4368 
13538 23 1172 
11998 43 2157 
13593 61 3070 
13617 38 1940 
13692 23 1193 
12000 102 5129 
13674 55 2792 
11971 6 332 
12057 19 966 
12374 119 5969 
11976 289 14462 
13507 50 2506 
13528 13 700 
11898 93 4661 
13642 73 3684 
13671 33 1669 
12454 228 11411 
12459 61 3052 
12013 19 994 
12066 258 12909 
13612 10 503 
11746 27 1366 
12004 43 2195 
11963 182 9138 
11963 311 15555 
11963 311 15570 
13660 240 12026 
11110 71 3580 
12366 25 1254 
12052 21 1095 
12110 127 6356 
12442 128 6449 
13547 70 3536 
11990 71 3555 
12045 36 1809 
12070 367 18367 
13580 73 3655 
11965 365 18260 
12404 63 3178 
12083 304 15209 
12505 51 2551 
11495 8 406 
12107 93 4653 
13618 38 1920 
12553 3 175 
12566 170 8540 
12073 203 10170 
13671 23 1182 
13671 23 1184 
13573 12 636 
11984 64 3229 
12368 2 122 
12431 283 14154 
12039 344 17233 
13467 174 8701 
13477 163 8192 
12518 6 344 
12503 3 163 
12056 174 8707 
12554 12 626 
12062 117 5860 
12062 117 5870 
12062 9 457 
13536 20 1036 
12379 117 5865 
12365 52 2615 
13467 161 8084 
12086 66 3313 
12392 67 3351 
12006 72 3618 
12374 34 1733 
12565 192 9626 
12039 354 17732 
12145 208 10424 
12145 208 10440 
13474 28 1429 
12143 9 475 
12145 152 7629 
12071 61 3076 
12481 15 760 
12495 144 7222 
13675 181 9080 
12056 242 12122 
13619 24 1229 
12540 74 3738 
12061 78 3919 
13643 116 5832 
13687 183 9172 
13651 13 691 
12045 1 94 
13630 36 1843 
13635 52 2619 
13511 33 1698 
11973 141 7081 
13511 17 870 
11963 340 17018 
12418 76 3848 
11998 375 18791 
13616 195 9776 
12380 166 8302 
12506 63 3176 
12061 202 10107 
11973 24 1205 
12016 28 1414 
13616 223 11163 
11963 272 13645 
11998 36 1802 
13648 62 3104 
12068 26 1330 
12056 295 14790 
13479 11 566 
13479 82 4114 
12084 10 548 
12071 261 13062 
12083 409 20480 
12066 56 2823 
12048 11 584 
13574 22 1137 
12054 123 6180 
12508 144 7218 
11969 19 953 
12077 149 7452 
11998 194 9701 
12505 52 2646 
13635 54 2726 
12039 89 4459 
11080 42 2109 
12454 37 1873 
12438 126 6307 
12365 51 2552 
13477 24 1204 
13477 176 8816 
11746 54 2746 
12566 186 9339 
12004 61 3071 
12075 181 9060 
11919 77 3851 
