Run Subrun Event
13720 220 11048 
13993 86 4302 
14110 0 42 
14103 245 12271 
13699 82 4114 
14060 1 70 
14103 48 2428 
14095 42 2148 
13762 147 7375 
14004 71 3580 
14115 244 12216 
14062 34 1719 
13867 42 2104 
14062 162 8136 
14062 59 2985 
13912 195 9772 
13697 74 3706 
13889 102 5133 
13771 9 457 
13707 111 5556 
14088 46 2347 
13756 7 360 
13965 42 2121 
13911 107 5398 
14114 174 8701 
13990 61 3076 
13790 65 3261 
13937 172 8642 
13982 114 5718 
13728 158 7945 
14097 174 8720 
13700 14 715 
13939 13 667 
13913 284 14234 
14073 163 8186 
13803 173 8695 
13979 2 115 
13719 94 4721 
14026 57 2891 
13702 13 697 
13774 74 3741 
13989 7 370 
14108 148 7409 
14063 252 12646 
13809 172 8617 
14042 154 7706 
13712 206 10312 
14103 210 10540 
13805 298 14936 
14114 100 5018 
14017 105 5264 
13766 19 997 
13955 84 4222 
13741 13 690 
14105 69 3498 
13950 241 12055 
14080 178 8906 
14087 69 3467 
14058 148 7447 
14102 18 929 
14102 18 950 
13715 100 5016 
13715 100 5030 
13897 110 5529 
13789 217 10857 
14047 32 1604 
13728 103 5190 
13945 293 14678 
14080 60 3002 
13950 271 13573 
13950 271 13586 
13950 283 14156 
14080 49 2496 
13763 214 10714 
14021 224 11229 
14079 244 12211 
14053 174 8732 
14049 136 6845 
13793 286 14323 
14017 93 4664 
13902 3 163 
13876 93 4664 
13964 41 2094 
14096 40 2037 
13937 201 10098 
14034 5 279 
14115 148 7436 
13803 294 14723 
14079 237 11884 
13963 86 4329 
13921 8 442 
14030 135 6761 
13701 197 9878 
16205 426 21304 
14062 264 13236 
14392 255 12763 
16176 26 1342 
16176 71 3574 
14103 155 7800 
13774 81 4061 
18048 28 1413 
17500 78 3929 
17620 26 1340 
15074 115 5782 
16668 55 2777 
17046 18 947 
14725 169 8500 
17282 75 3761 
17240 104 5243 
17303 17 886 
17556 115 5781 
14194 133 6696 
15257 60 3002 
16095 414 20715 
16161 88 4426 
14356 135 6757 
17195 205 10300 
17223 17 859 
17223 19 966 
17530 116 5809 
16117 91 4563 
16022 99 4962 
16022 125 6269 
16935 327 16369 
17269 101 5100 
14746 194 9724 
16978 286 14330 
16312 282 14130 
15291 24 1228 
16041 268 13403 
16975 64 3239 
16038 296 14807 
17237 528 26423 
14379 42 2121 
14959 248 12445 
14151 118 5901 
14772 146 7340 
14542 130 6503 
16023 519 25977 
14187 60 3020 
17078 69 3463 
17314 106 5324 
14607 0 16 
15055 17 873 
17985 271 13569 
14758 221 11083 
14335 313 15664 
15223 9 458 
16979 42 2109 
14423 60 3008 
16802 120 6018 
16802 120 6040 
16292 20 1026 
14222 4 249 
14779 97 4883 
14917 103 5191 
14453 213 10670 
15012 4 239 
14250 23 1174 
14973 13 662 
14227 111 5592 
16339 142 7124 
16339 261 13078 
14729 49 2476 
16976 147 7372 
14123 131 6569 
15166 362 18113 
17560 111 5577 
17371 464 23206 
14425 109 5480 
14572 42 2142 
16115 2 136 
17226 61 3088 
16507 108 5436 
16337 36 1822 
16834 208 10445 
14542 127 6370 
15981 177 8859 
16527 84 4234 
16923 326 16316 
16546 146 7322 
16205 461 23054 
16205 461 23075 
14955 127 6382 
14675 83 4152 
17260 53 2675 
17398 83 4169 
17361 303 15197 
15988 99 4965 
17219 126 6311 
17611 29 1471 
15952 239 11957 
14467 302 15113 
14356 143 7182 
15425 42 2140 
17206 154 7716 
15395 49 2453 
15395 49 2481 
14401 269 13453 
17169 361 18052 
15297 25 1284 
17132 116 5838 
17313 223 11182 
14315 7 384 
14315 8 436 
17196 50 2529 
17398 76 3843 
17141 17 873 
14994 11 568 
15316 60 3024 
15901 184 9239 
15949 145 7299 
15949 206 10327 
17601 46 2307 
17309 97 4866 
16874 92 4611 
17132 277 13875 
17591 50 2539 
16118 100 5039 
14637 126 6315 
18740 100 5003 
17206 243 12178 
17206 293 14667 
14401 123 6191 
17361 322 16144 
16355 41 2087 
17955 84 4225 
16934 84 4215 
18218 316 15842 
14909 136 6803 
15965 242 12119 
15965 461 23093 
17401 137 6872 
18463 277 13861 
17955 16 849 
16112 199 9980 
16464 34 1702 
14924 318 15910 
15689 227 11364 
16921 202 10103 
18238 316 15807 
15116 261 13081 
14425 226 11308 
14124 99 4998 
17080 143 7154 
17080 154 7742 
17327 111 5585 
18953 566 28310 
17766 44 2225 
17393 14 703 
16901 75 3781 
14911 111 5589 
16731 263 13155 
14191 233 11678 
17055 240 12013 
15234 112 5631 
16921 197 9871 
15250 45 2267 
15251 154 7720 
18516 116 5804 
18489 254 12720 
18045 2 103 
18045 111 5590 
15439 10 511 
15163 13 685 
15428 274 13746 
15146 86 4313 
17240 513 25651 
17240 495 24764 
14358 224 11211 
15117 25 1299 
15117 202 10129 
17249 108 5404 
17102 56 2829 
16204 85 4272 
14206 66 3342 
14268 53 2658 
17044 149 7490 
16141 62 3137 
14893 315 15764 
15457 72 3608 
14497 13 686 
16021 118 5929 
17067 37 1898 
16158 265 13287 
15348 79 3959 
17484 38 1909 
17833 63 3195 
14981 120 6014 
14828 70 3529 
18516 534 26715 
17990 585 29290 
17990 588 29401 
17996 29 1466 
16960 200 10010 
16874 463 23153 
14671 37 1880 
17633 73 3652 
16964 131 6553 
16916 116 5802 
17861 170 8535 
17494 168 8446 
16909 164 8225 
15222 156 7817 
14253 8 434 
15412 33 1677 
14883 24 1206 
14281 290 14524 
18044 483 24189 
18044 488 24410 
15160 243 12162 
18732 570 28514 
14729 35 1791 
14925 153 7676 
17530 56 2809 
14246 3 159 
15114 83 4179 
14695 51 2596 
16209 417 20859 
14559 239 12000 
15394 88 4433 
14760 192 9624 
15292 57 2866 
18024 570 28540 
15589 338 16938 
17314 92 4617 
14470 45 2273 
17011 238 11942 
17111 14 730 
16266 317 15885 
17206 498 24915 
17206 498 24947 
14535 118 5902 
18794 161 8094 
18794 401 20061 
18245 232 11649 
15103 229 11478 
15103 229 11490 
17338 104 5243 
17875 306 15336 
14401 185 9290 
16158 89 4455 
17601 73 3668 
15052 17 886 
15160 380 19037 
18241 45 2259 
17132 341 17088 
17228 89 4461 
14337 47 2361 
15065 15 787 
15065 28 1438 
14758 1 78 
17458 172 8610 
16101 185 9257 
18510 413 20693 
17401 117 5853 
14542 285 14253 
16834 183 9164 
15106 265 13254 
17344 114 5736 
17344 114 5748 
17156 58 2933 
15262 164 8210 
14930 8 428 
18953 64 3228 
14764 23 1162 
14174 66 3309 
15421 161 8064 
15421 258 12929 
15930 532 26617 
17265 185 9253 
15930 523 26180 
16141 295 14784 
14297 12 616 
16333 27 1387 
17840 238 11911 
18024 494 24744 
15777 16 827 
15773 44 2220 
15773 44 2248 
17444 17 856 
14785 52 2648 
18228 37 1884 
15111 31 1582 
15930 449 22479 
17560 118 5941 
18005 222 11107 
18225 294 14702 
15345 97 4882 
16433 120 6048 
17495 273 13680 
16960 96 4806 
15242 118 5906 
17693 112 5608 
16158 99 4952 
16158 99 4967 
17566 88 4415 
17209 38 1917 
14785 15 771 
17219 48 2410 
16568 16 845 
15366 29 1490 
17453 71 3592 
15688 22 1125 
16759 79 3959 
15292 53 2697 
15774 474 23701 
18265 132 6635 
14948 272 13617 
17561 62 3121 
15917 228 11416 
18665 509 25468 
18233 273 13668 
16783 69 3457 
16783 69 3493 
16802 10 543 
16802 285 14261 
16802 285 14277 
14257 48 2427 
17444 34 1712 
14162 23 1184 
15273 10 533 
16158 323 16185 
17098 136 6807 
17282 28 1434 
15330 37 1875 
15330 37 1891 
16094 24 1237 
16975 166 8324 
16864 156 7808 
17955 91 4579 
15315 134 6750 
15432 97 4875 
18248 36 1836 
17195 129 6453 
17853 39 1981 
16809 211 10553 
15308 74 3743 
15403 134 6704 
17352 12 612 
17592 5 265 
14191 77 3900 
14191 226 11310 
14427 130 6505 
14427 226 11346 
14418 272 13647 
17657 18 921 
15125 82 4134 
16668 55 2777 
18225 101 5079 
16809 219 10992 
18732 546 27310 
18044 303 15163 
14812 19 977 
15478 348 17422 
16274 48 2411 
14335 285 14273 
17033 117 5866 
17524 3 194 
14726 104 5223 
18233 303 15197 
18753 198 9933 
14211 83 4195 
16021 253 12667 
17341 50 2523 
15422 130 6507 
16348 118 5907 
16520 105 5280 
16666 156 7807 
17585 75 3769 
15687 4 219 
16225 142 7121 
15315 28 1422 
15924 28 1411 
15924 43 2156 
14692 60 3037 
17056 191 9580 
16851 295 14751 
16851 295 14766 
14782 136 6846 
16209 440 22017 
15916 489 24471 
18645 140 7015 
14772 169 8475 
15181 6 327 
15801 128 6432 
14552 127 6399 
14376 17 861 
14796 106 5302 
15862 218 10901 
14967 65 3282 
15916 532 26601 
17658 76 3848 
17664 1 68 
15794 207 10384 
15491 279 13996 
15099 11 578 
18248 84 4213 
15916 541 27076 
14883 17 886 
15275 66 3325 
14552 90 4543 
14552 146 7334 
16446 99 4965 
18714 159 7969 
16761 90 4549 
16173 72 3631 
17124 60 3011 
15916 181 9079 
15916 181 9086 
17700 54 2744 
18574 144 7205 
16346 200 10046 
14942 295 14771 
14942 295 14788 
16588 127 6380 
15348 14 742 
17956 239 11984 
15183 19 970 
16830 1 100 
16877 97 4872 
15073 37 1853 
15529 125 6290 
16172 492 24611 
15484 371 18571 
18765 276 13824 
15484 347 17387 
15737 8 406 
15485 15 770 
14338 226 11348 
15774 329 16467 
18028 256 12835 
14410 93 4671 
16467 280 14002 
17078 46 2321 
16814 31 1564 
16814 38 1902 
14603 158 7928 
14603 158 7939 
15128 203 10169 
17614 95 4778 
14290 81 4055 
16022 419 20959 
16022 422 21103 
16817 45 2287 
17129 66 3305 
15910 128 6423 
14619 158 7909 
17524 94 4721 
18923 98 4911 
18923 233 11688 
16113 152 7615 
16113 283 14195 
14770 301 15053 
14290 200 10024 
15501 122 6118 
15783 194 9720 
15259 31 1579 
15783 239 11952 
17237 452 22615 
17165 32 1626 
15339 195 9778 
14154 236 11802 
17833 63 3195 
16075 520 26035 
15910 18 908 
16817 21 1067 
17237 491 24571 
17124 70 3511 
17984 143 7160 
17667 215 10776 
17683 149 7491 
16869 133 6667 
15473 214 10731 
16839 155 7779 
18245 225 11261 
18245 225 11291 
14549 23 1158 
17228 11 554 
15422 143 7196 
17311 158 7914 
15509 35 1768 
17469 121 6068 
15903 18 946 
15903 56 2808 
17541 44 2221 
14209 85 4277 
15497 316 15849 
15251 71 3558 
17249 361 18068 
15528 202 10131 
17984 134 6737 
15734 13 658 
16889 129 6500 
16028 8 421 
15456 260 13024 
17341 151 7587 
15481 23 1179 
17818 5 261 
15528 140 7035 
16466 99 4997 
15348 39 1977 
15448 151 7579 
14548 182 9142 
17601 89 4490 
14891 220 11002 
18960 102 5135 
17114 110 5522 
15118 23 1170 
15528 403 20183 
14990 96 4814 
15335 256 12820 
15335 297 14884 
14771 265 13256 
17989 188 9426 
15111 276 13806 
14388 97 4892 
17563 68 3413 
14998 200 10046 
14148 68 3434 
14404 6 303 
14404 6 328 
17087 409 20471 
15098 42 2144 
14770 102 5101 
14544 300 15040 
15591 110 5513 
17987 232 11625 
15127 73 3693 
16166 35 1755 
15806 116 5840 
16028 355 17790 
16028 444 22215 
17960 221 11057 
17339 327 16380 
15832 71 3588 
15473 200 10047 
15473 243 12152 
15473 243 12187 
14893 308 15432 
15901 43 2192 
17754 61 3067 
14544 270 13517 
17144 176 8821 
15301 113 5693 
17851 167 8375 
17668 92 4621 
14636 74 3702 
17106 22 1119 
17636 40 2005 
14607 137 6888 
16167 86 4333 
15677 123 6181 
18903 382 19143 
14911 162 8144 
17265 9 480 
16352 279 13991 
15127 13 667 
15928 103 5160 
18937 100 5048 
17198 72 3618 
16209 125 6260 
17394 109 5488 
17394 238 11911 
17073 0 35 
16483 2 139 
17132 511 25572 
16228 262 13137 
14360 11 596 
14360 28 1430 
17662 51 2588 
15141 59 2961 
16313 357 17875 
18933 350 17504 
14526 157 7888 
16949 81 4073 
15122 202 10117 
17080 11 584 
14223 200 10044 
16094 313 15672 
17041 84 4210 
18941 107 5394 
17334 144 7225 
18769 13 679 
18933 362 18126 
15463 251 12574 
18929 430 21513 
16935 458 22939 
15500 102 5127 
15463 171 8582 
16115 127 6381 
15391 50 2531 
15875 503 25178 
14377 28 1401 
14816 58 2925 
14463 185 9251 
17186 4 202 
14394 59 2968 
18731 241 12072 
18929 339 16962 
17414 107 5375 
16659 2 114 
15800 84 4201 
15800 84 4240 
14214 20 1019 
14464 75 3777 
15054 114 5713 
18910 74 3729 
15530 37 1887 
15785 102 5137 
15590 325 16271 
15588 130 6518 
15466 221 11087 
15873 287 14373 
14516 5 262 
18743 245 12263 
15785 257 12880 
18663 59 2971 
17316 63 3174 
18862 285 14252 
14884 159 7971 
14555 299 14997 
14556 284 14215 
15844 10 532 
18235 178 8931 
15592 119 5964 
18862 509 25453 
15923 498 24913 
15872 25 1295 
15873 298 14912 
15873 332 16637 
15923 480 24038 
17799 0 35 
17799 6 339 
18957 137 6859 
14450 7 395 
17302 60 3028 
15061 38 1943 
15828 523 26153 
15709 22 1125 
18957 476 23807 
17036 387 19398 
17036 416 20837 
16299 78 3918 
14556 128 6413 
17875 241 12094 
17875 241 12095 
17249 386 19306 
14399 180 9025 
16828 3 157 
18048 281 14068 
18048 281 14073 
17090 67 3359 
18957 202 10132 
18957 266 13309 
14997 86 4319 
15915 198 9923 
17448 27 1352 
14942 15 770 
14377 77 3864 
14559 124 6211 
14559 124 6247 
18685 348 17404 
17114 166 8311 
15279 82 4143 
16172 292 14618 
17855 216 10810 
16839 180 9019 
14464 150 7540 
14893 254 12749 
15492 70 3503 
15099 64 3237 
17726 173 8681 
16816 86 4341 
17311 147 7368 
14297 186 9325 
16923 253 12697 
15680 103 5154 
14641 117 5865 
16314 10 544 
15125 107 5360 
15053 38 1917 
16323 39 1970 
14235 162 8126 
17205 42 2124 
15428 52 2613 
14914 274 13710 
14582 66 3323 
17144 100 5028 
14584 61 3080 
15682 80 4013 
15910 162 8117 
15316 50 2531 
15481 13 687 
15859 344 17224 
17364 99 4983 
16585 26 1304 
17073 138 6924 
15875 187 9397 
16425 150 7536 
15916 515 25794 
17451 235 11791 
17488 181 9094 
18644 138 6910 
18752 532 26605 
14813 23 1183 
14915 223 11190 
14901 271 13596 
14213 46 2323 
16142 25 1292 
15432 259 12976 
14335 147 7355 
14377 7 373 
16038 86 4323 
18054 8 429 
15986 213 10673 
16060 25 1276 
14750 61 3095 
15113 82 4143 
15640 258 12901 
15701 35 1753 
15701 35 1770 
15701 486 24330 
15290 30 1536 
16442 158 7905 
17328 120 6020 
17303 65 3266 
14541 19 984 
15554 227 11369 
17116 135 6778 
15993 44 2207 
18954 116 5822 
15179 107 5393 
18685 201 10093 
18685 201 10097 
18685 239 11986 
14768 37 1885 
14463 201 10062 
15115 124 6221 
15457 223 11183 
17992 87 4362 
14343 313 15697 
15785 341 17096 
15528 279 13959 
17668 49 2477 
16836 138 6908 
17371 476 23812 
14195 82 4109 
18779 466 23341 
14334 76 3803 
14334 89 4485 
17614 251 12570 
16281 273 13694 
14368 206 10342 
18514 295 14780 
14959 308 15411 
14363 134 6708 
14942 319 15957 
17734 0 2 
15478 127 6389 
16096 1 69 
16891 101 5095 
14817 67 3389 
18283 71 3578 
15264 177 8892 
15792 84 4236 
17726 157 7892 
14372 76 3802 
16832 81 4051 
14478 20 1041 
15590 141 7079 
18919 17 883 
14127 236 11850 
16832 36 1837 
16162 94 4747 
14527 127 6376 
15930 501 25086 
16389 29 1477 
15920 2 122 
15361 231 11561 
15923 144 7233 
18054 21 1052 
16769 50 2529 
15449 100 5009 
14467 220 11024 
18024 197 9855 
14912 298 14906 
16937 23 1198 
15345 70 3501 
15916 85 4296 
17871 265 13275 
16964 552 27650 
16852 319 15985 
16167 229 11500 
15113 5 295 
14556 166 8347 
14716 164 8215 
15828 37 1876 
17128 116 5814 
16434 65 3257 
17371 99 4964 
15136 58 2932 
16946 187 9367 
17474 36 1834 
15156 59 2983 
18509 53 2672 
15923 481 24059 
17703 65 3293 
14139 122 6135 
14139 203 10156 
15259 8 404 
15382 165 8274 
16058 94 4726 
16158 117 5891 
16826 130 6507 
18603 178 8926 
15328 124 6227 
15166 361 18062 
14124 248 12429 
18489 276 13838 
14977 5 282 
14551 23 1180 
15463 457 22881 
18028 170 8533 
14597 13 656 
15160 397 19896 
17055 245 12285 
17055 256 12843 
15282 132 6627 
15733 5 258 
17249 123 6171 
17249 185 9252 
14428 72 3627 
15079 0 31 
15348 61 3090 
15917 542 27127 
15073 68 3430 
16199 15 753 
14598 24 1204 
14551 283 14175 
18944 132 6605 
18944 132 6645 
18748 149 7480 
16023 446 22323 
16391 13 697 
16357 47 2370 
17339 214 10715 
14363 174 8732 
14807 94 4714 
15436 5 299 
15436 190 9512 
16243 186 9340 
16134 351 17578 
15882 161 8092 
18873 5 259 
15491 336 16808 
15894 143 7180 
16122 415 20795 
17597 39 1992 
14643 85 4261 
15640 170 8540 
15640 221 11089 
17126 147 7386 
18752 560 28047 
15800 184 9210 
15800 246 12346 
16947 284 14245 
16115 61 3080 
15497 4 245 
14450 67 3364 
15639 134 6717 
15498 63 3175 
17309 50 2516 
14334 28 1401 
15701 514 25702 
17097 27 1369 
14820 11 577 
17865 222 11103 
17871 384 19232 
14647 56 2811 
14278 60 3030 
17213 46 2335 
14431 91 4575 
14626 200 10032 
14626 233 11667 
15894 92 4650 
17559 49 2482 
17383 514 25708 
16929 13 666 
14545 163 8179 
16874 370 18544 
16986 28 1405 
18497 296 14834 
17256 26 1317 
17011 320 16044 
16313 119 5954 
14186 229 11462 
18026 160 8030 
18862 616 30847 
17080 80 4030 
15128 77 3890 
15243 120 6032 
17996 8 409 
15308 75 3753 
14746 52 2613 
17440 12 635 
15771 6 316 
14802 79 3966 
16684 63 3163 
14335 311 15562 
17090 83 4167 
14401 296 14842 
17478 173 8699 
18218 336 16849 
18244 365 18277 
17686 151 7577 
17255 16 823 
15391 241 12068 
15262 172 8604 
15262 180 9021 
14986 295 14776 
14399 160 8035 
14399 160 8036 
14725 37 1859 
17028 21 1074 
17344 93 4679 
16051 213 10684 
16846 200 10040 
16125 203 10198 
16949 480 24045 
17237 42 2117 
18492 239 11972 
15422 161 8064 
17111 194 9730 
16864 197 9885 
14464 60 3003 
14746 5 289 
17306 103 5191 
14124 103 5184 
17306 48 2423 
14455 292 14622 
18673 193 9694 
15463 495 24764 
18737 53 2698 
16036 97 4873 
16094 429 21490 
15426 160 8001 
14949 72 3610 
17083 117 5897 
18794 435 21759 
18794 438 21916 
15473 203 10159 
15432 269 13491 
14209 31 1566 
15345 240 12009 
18874 286 14342 
17630 173 8672 
15806 113 5687 
18495 24 1219 
14749 298 14948 
16118 93 4674 
15145 301 15085 
15915 37 1896 
17985 47 2387 
17985 368 18417 
17111 236 11842 
14774 116 5847 
14774 134 6715 
15116 197 9879 
15234 175 8756 
14636 137 6860 
18911 136 6821 
14153 119 5965 
17028 211 10592 
16525 133 6696 
16420 5 255 
17219 1 92 
17219 98 4930 
17219 112 5616 
17307 118 5930 
15916 429 21495 
15916 490 24511 
16331 50 2516 
14974 10 539 
17697 46 2329 
15774 427 21368 
15783 395 19751 
17453 66 3320 
17556 125 6281 
16370 10 524 
17638 69 3483 
14159 140 7017 
14122 169 8466 
15915 433 21657 
17631 93 4653 
17100 62 3111 
15482 102 5112 
15482 106 5333 
15482 106 5348 
15478 265 13273 
17693 308 15441 
15323 78 3901 
16185 22 1103 
16185 136 6842 
17368 2 106 
14524 39 1990 
14336 110 5524 
14801 309 15455 
16786 6 344 
14546 72 3615 
15262 66 3318 
15466 50 2533 
14245 54 2748 
16186 128 6439 
14436 93 4659 
15478 115 5799 
15147 149 7455 
15431 29 1491 
15917 326 16335 
17371 385 19270 
14576 125 6279 
14576 125 6296 
18604 53 2690 
17198 103 5163 
14313 263 13184 
15774 160 8013 
17158 65 3279 
14256 28 1413 
15907 63 3172 
17139 25 1288 
17139 25 1291 
14551 115 5761 
17591 4 244 
15111 125 6262 
15383 144 7210 
