Run Subrun Event
6125 102 5149 
7012 389 19481 
7014 1174 58719 
7023 523 26172 
7010 267 13352 
7018 961 48070 
7055 612 30604 
7055 612 30643 
6362 89 4481 
7019 103 5186 
7049 1044 52223 
7049 1033 51668 
7008 821 41099 
7012 1717 85864 
7014 853 42674 
7023 367 18383 
7049 1157 57869 
6382 106 5330 
6933 43 2199 
7023 656 32844 
6540 52 2610 
7006 621 31053 
7013 198 9912 
7023 1676 83809 
7023 1676 83850 
6657 13 652 
7020 654 32724 
7020 1822 91139 
7003 683 34175 
7020 841 42053 
7020 841 42100 
7049 648 32418 
7012 120 6011 
7020 599 29971 
7049 1382 69120 
7049 1382 69124 
5771 55 2760 
6855 114 5712 
7014 1254 62707 
7008 260 13011 
7054 1902 95117 
7001 357 17897 
7055 553 27698 
6901 137 6851 
7020 389 19473 
6548 15 784 
6655 11 595 
6749 157 7893 
5162 32 1643 
7023 766 38349 
6894 40 2003 
7012 398 19933 
7023 1660 83028 
7055 626 31339 
5029 9 497 
7023 317 15876 
7049 348 17403 
7049 348 17444 
7012 723 36169 
7004 1531 76573 
6297 10 538 
5418 22 1108 
7014 1025 51269 
7017 98 4930 
7003 668 33442 
7010 804 40201 
7010 804 40209 
7010 804 40219 
7055 417 20867 
7020 618 30945 
7054 672 33646 
7012 876 43814 
7021 58 2913 
7023 1049 52465 
7054 1537 76852 
7054 1537 76900 
6942 51 2594 
7021 757 37851 
7054 582 29101 
7055 519 25978 
7055 399 19953 
7004 9 460 
7017 1620 81030 
7020 451 22589 
7020 451 22590 
7049 523 26182 
7025 495 24796 
7055 625 31284 
7023 1274 63736 
6865 73 3697 
7004 82 4130 
7012 1752 87650 
6348 101 5065 
7026 4 247 
7095 18 909 
6180 25 1256 
7017 576 28813 
7020 1409 70473 
7023 1322 66112 
7026 347 17385 
5087 28 1448 
6647 207 10362 
7004 465 23266 
7019 348 17416 
7131 27 1363 
7008 577 28868 
7020 471 23581 
7026 542 27125 
7054 1451 72583 
6572 1 76 
6596 64 3204 
7010 47 2398 
7019 44 2226 
6487 112 5604 
6658 45 2258 
5933 45 2274 
6947 22 1120 
6971 12 615 
5364 82 4130 
6125 46 2339 
7020 9 472 
7021 546 27321 
7049 129 6497 
6867 19 960 
6888 160 8040 
6945 171 8575 
7006 384 19228 
7014 497 24851 
7001 1104 55243 
7004 94 4747 
7004 94 4748 
6506 114 5749 
5154 6 340 
6406 140 7019 
6867 55 2757 
7018 218 10908 
7025 612 30601 
7054 959 47977 
7003 1055 52759 
7004 651 32556 
7010 311 15566 
7010 311 15581 
7751 20 1005 
7008 1115 55798 
7023 141 7078 
7008 686 34325 
7054 517 25891 
7054 517 25895 
7055 676 33839 
6324 64 3234 
6553 116 5813 
6769 98 4929 
7022 37 1861 
7022 37 1881 
7022 74 3706 
7391 112 5613 
6691 23 1162 
7054 314 15736 
6123 53 2698 
7017 202 10144 
7012 200 10049 
7055 212 10632 
7375 19 995 
7560 88 4438 
5499 180 9038 
6639 55 2764 
7013 122 6117 
6663 209 10467 
6663 210 10505 
5330 20 1022 
7017 1129 56451 
7049 1861 93089 
7054 72 3648 
6412 5 297 
7011 24 1216 
7023 1846 92315 
5002 31 1583 
7004 17 867 
7004 1262 63104 
6893 175 8755 
7013 239 11957 
7021 240 12026 
6100 115 5768 
7014 1393 69654 
7051 53 2674 
5134 42 2121 
7001 953 47651 
7022 79 3971 
7001 627 31352 
7008 1144 57239 
7023 59 2953 
7054 1767 88362 
4979 126 6323 
7020 1508 75420 
7025 395 19782 
7014 1126 56330 
7023 1668 83417 
7012 1658 82936 
7017 1308 65417 
7021 338 16906 
7023 155 7772 
7004 173 8653 
7006 80 4011 
7014 666 33303 
6922 13 700 
7010 83 4170 
7047 60 3001 
7049 778 38909 
7054 178 8943 
7018 931 46594 
7020 1055 52798 
7003 530 26546 
7054 796 39830 
6669 57 2893 
6688 38 1931 
7001 1090 54513 
7001 1090 54527 
7008 928 46418 
7017 520 26008 
7055 309 15491 
7001 334 16748 
7026 529 26496 
7054 708 35434 
6861 23 1151 
7017 1692 84650 
7018 57 2891 
7023 20 1005 
6692 118 5932 
6989 22 1146 
7020 1598 79945 
7023 184 9246 
6789 24 1225 
7014 1451 72563 
6314 135 6778 
7049 552 27616 
6749 42 2105 
6978 166 8329 
7055 753 37672 
6630 164 8230 
7020 72 3602 
5151 86 4328 
7026 20 1037 
7007 136 6804 
7012 646 32339 
7054 687 34358 
7054 1473 73658 
6376 82 4144 
6692 101 5098 
6901 25 1291 
7003 1661 83064 
7008 958 47902 
7021 666 33312 
7049 1511 75554 
7142 32 1636 
7012 1619 80968 
6521 59 2997 
7012 928 46408 
7016 252 12615 
7020 535 26785 
5909 77 3872 
6080 106 5331 
7019 360 18030 
6893 146 7309 
7012 313 15700 
7023 1510 75547 
7026 592 29648 
7006 350 17530 
7010 51 2566 
7010 51 2600 
7020 134 6722 
7049 1426 71349 
7023 398 19910 
6599 81 4055 
7014 700 35011 
5918 47 2397 
7020 1311 65577 
7025 545 27260 
7051 21 1068 
7054 83 4173 
7010 44 2235 
6980 172 8622 
7001 1114 55741 
7006 374 18724 
7006 374 18749 
7014 211 10580 
6812 29 1457 
7023 736 36807 
7049 653 32657 
7055 587 29357 
5607 66 3341 
6304 148 7424 
6800 135 6796 
7010 1577 78855 
5530 11 589 
7010 789 39473 
7049 1463 73163 
6535 112 5604 
7003 1331 66589 
7023 566 28332 
7055 470 23548 
6594 12 646 
6632 25 1292 
7006 12 630 
7018 491 24559 
7020 1481 74071 
7023 72 3612 
7023 72 3623 
7001 1050 52533 
7003 1152 57607 
7013 29 1451 
7004 855 42799 
6503 20 1004 
7012 131 6579 
7020 930 46503 
7026 185 9274 
7011 187 9351 
7011 187 9393 
7048 198 9943 
7054 769 38465 
7054 769 38469 
5938 85 4251 
6758 15 764 
7025 245 12296 
7055 595 29751 
7018 766 38330 
7010 1474 73722 
7026 872 43632 
7006 309 15482 
7023 732 36624 
6905 94 4707 
7003 429 21454 
7003 1753 87654 
7018 873 43699 
6381 100 5023 
7010 980 49026 
7017 413 20662 
7017 1560 78036 
7049 892 44626 
6468 49 2480 
6616 165 8296 
6915 157 7897 
7012 1285 64275 
7023 1112 55616 
7001 236 11844 
7006 209 10461 
7049 1002 50123 
7049 1538 76914 
7100 9 462 
7008 544 27234 
7014 897 44892 
6596 91 4569 
6596 92 4649 
7003 111 5561 
7003 1431 71592 
6380 11 572 
7001 88 4450 
5019 6 339 
6217 78 3945 
6468 96 4806 
6479 35 1761 
7004 1014 50745 
7006 375 18799 
7054 2004 100210 
7054 237 11853 
7012 1680 84030 
7016 328 16407 
7055 176 8836 
6095 18 950 
7008 1021 51061 
7017 688 34422 
7084 57 2899 
5616 215 10789 
7001 771 38572 
5029 181 9090 
7023 1486 74314 
7049 765 38272 
7006 392 19632 
7018 929 46466 
6286 170 8506 
7018 446 22329 
6482 82 4148 
7055 168 8448 
7001 715 35756 
7020 410 20515 
6790 50 2507 
6790 50 2535 
7017 158 7916 
5034 78 3937 
6590 10 522 
7017 590 29548 
6787 97 4891 
6856 22 1135 
7012 1218 60910 
7023 220 11047 
7010 560 28036 
7012 1228 61427 
7018 940 47031 
6605 41 2074 
7012 825 41252 
7004 344 17204 
7018 537 26876 
6288 49 2451 
7018 164 8241 
7025 249 12465 
7025 249 12494 
7055 513 25700 
7003 372 18620 
7013 117 5896 
6966 5 274 
7008 1167 58389 
7008 1167 58394 
7017 532 26625 
7017 532 26646 
7013 230 11517 
6310 10 512 
6310 10 542 
6360 70 3511 
6487 15 786 
7023 1198 59940 
6763 0 40 
7007 141 7062 
7020 1400 70009 
7020 573 28691 
6507 177 8890 
6507 178 8934 
6507 183 9191 
7011 104 5209 
7020 345 17255 
5385 7 392 
7014 68 3443 
6023 2 120 
7006 367 18351 
7049 857 42876 
6620 113 5688 
7012 946 47326 
7001 1136 56807 
7010 944 47242 
7014 732 36616 
6959 210 10519 
7001 247 12366 
7054 429 21477 
6182 51 2568 
7014 155 7781 
7049 1374 68719 
7003 1472 73631 
7025 537 26879 
7003 1654 82745 
6752 100 5019 
6752 107 5364 
7054 309 15461 
5914 90 4525 
6935 5 255 
7054 1874 93742 
4979 72 3609 
6692 51 2593 
5531 25 1256 
7001 116 5819 
4979 25 1256 
7003 618 30919 
7014 871 43556 
7017 504 25231 
7020 1268 63406 
7026 726 36308 
7017 933 46679 
7023 1081 54065 
7049 870 43533 
6343 86 4329 
6343 86 4345 
6826 65 3295 
7017 1606 80317 
7053 50 2550 
7054 1461 73100 
7008 376 18821 
7022 279 13978 
7022 279 13995 
6468 3 167 
6866 174 8746 
7025 273 13668 
6562 199 9969 
7022 9 494 
7054 633 31655 
7054 1736 86844 
7026 489 24480 
7017 1043 52154 
7022 114 5743 
6957 120 6013 
7049 906 45306 
7049 906 45329 
7014 430 21545 
7018 192 9649 
7051 77 3883 
6687 97 4851 
7001 92 4612 
7006 441 22085 
7014 1744 87215 
7017 1507 75374 
5774 46 2349 
6343 68 3404 
7004 1450 72504 
7014 1695 84787 
6614 38 1946 
7006 166 8319 
6958 33 1688 
6991 0 28 
7003 1218 60914 
7004 120 6038 
6122 145 7251 
6908 197 9864 
7004 1384 69215 
7023 267 13362 
5437 145 7285 
6233 35 1785 
6318 11 579 
7049 601 30098 
7049 862 43140 
7049 1868 93447 
5331 119 5987 
7307 50 2502 
7004 821 41089 
7012 748 37439 
7020 1671 83594 
7049 1524 76230 
7013 233 11681 
7020 798 39927 
7021 812 40601 
7026 114 5709 
5207 33 1688 
7011 15 776 
7026 794 39743 
7014 1026 51316 
7055 133 6698 
6779 58 2920 
7008 327 16358 
7021 247 12380 
6960 26 1331 
7014 435 21765 
7019 491 24554 
5000 59 2967 
5370 36 1822 
7017 982 49115 
7017 982 49142 
7008 841 42057 
7023 1508 75450 
7003 997 49894 
6888 89 4464 
7010 258 12905 
5187 128 6440 
6429 150 7515 
7014 1740 87008 
7019 361 18052 
7026 86 4310 
7503 90 4534 
7004 540 27010 
7017 1631 81568 
6956 214 10750 
7004 917 45872 
7012 673 33664 
6989 14 742 
7017 1086 54322 
6588 53 2696 
7006 599 30000 
7136 4 222 
7003 402 20150 
7497 185 9264 
5996 55 2759 
7010 1360 68024 
7014 340 17022 
7023 1497 74872 
7025 438 21929 
7054 622 31131 
7018 495 24793 
7020 1479 73986 
6687 164 8225 
7023 1189 59479 
7026 190 9519 
5108 50 2508 
7023 304 15236 
7025 564 28244 
7004 1628 81433 
7008 1338 66924 
7003 1442 72141 
7017 1091 54570 
7051 99 4984 
7054 1304 65237 
6822 109 5460 
7023 1912 95646 
5368 65 3272 
6784 19 992 
6749 222 11111 
7003 160 8032 
5086 82 4110 
6797 48 2450 
7049 1180 59029 
6489 13 680 
6769 224 11237 
7025 553 27674 
5519 137 6873 
7008 461 23080 
7013 99 4977 
7023 1692 84602 
6546 20 1008 
6546 26 1348 
7006 456 22837 
7004 257 12884 
7004 257 12897 
7004 458 22915 
6805 138 6931 
7017 1667 83399 
7026 789 39491 
5527 93 4699 
7026 874 43717 
7327 188 9411 
6284 87 4385 
6854 49 2460 
7003 1706 85334 
5154 173 8698 
6871 109 5482 
5154 125 6293 
7135 31 1588 
7004 984 49245 
7011 200 10023 
7011 200 10032 
7020 981 49069 
6176 179 8983 
4999 60 3037 
7008 250 12506 
7012 438 21939 
7018 485 24265 
7012 147 7358 
7008 514 25703 
7046 58 2919 
7293 120 6007 
7001 550 27518 
7010 1331 66568 
7026 169 8456 
6832 4 222 
7012 409 20475 
7023 1622 81133 
7055 220 11006 
7014 955 47770 
7019 566 28310 
6989 37 1862 
7054 1704 85237 
6344 62 3105 
7004 1117 55882 
7010 1539 76970 
7020 275 13792 
7020 300 15036 
5996 72 3617 
6324 11 552 
6813 47 2395 
7004 41 2062 
7025 76 3839 
7010 725 36251 
7012 1138 56920 
7018 963 48156 
7023 866 43341 
6605 72 3626 
6605 76 3810 
7054 1765 88292 
7008 1445 72259 
7055 620 31024 
7012 1664 83227 
5603 1 99 
6907 197 9895 
7003 761 38080 
7560 15 790 
5507 24 1204 
7004 108 5450 
7008 165 8283 
7023 1826 91332 
7051 70 3522 
7051 70 3525 
6616 92 4635 
6969 10 508 
6969 11 556 
7001 581 29079 
7001 867 43393 
5925 146 7307 
7008 655 32773 
7012 1012 50607 
6110 92 4645 
6936 73 3654 
6960 138 6917 
7017 39 1989 
5946 25 1284 
6602 32 1618 
7003 674 33733 
7006 601 30078 
7008 547 27370 
6756 94 4709 
6756 97 4869 
7014 1436 71815 
7049 243 12174 
7013 216 10850 
7014 1269 63470 
7001 896 44822 
7001 883 44192 
7054 212 10621 
7054 212 10630 
7021 149 7484 
7054 1811 90579 
7049 289 14477 
5996 11 590 
7054 1696 84804 
7022 17 860 
7025 394 19713 
6888 241 12068 
7049 458 22923 
7016 329 16468 
7048 137 6878 
7008 647 32362 
7020 975 48779 
7049 579 28957 
6023 62 3127 
6417 190 9512 
5602 11 582 
5127 118 5945 
7020 401 20097 
7023 983 49175 
7021 166 8315 
7012 1155 57753 
7012 1551 77572 
6227 1 92 
6974 78 3935 
7020 385 19269 
7049 682 34124 
5557 121 6100 
6199 108 5412 
7021 409 20474 
7023 670 33513 
6412 12 607 
6580 27 1394 
7049 752 37618 
6647 188 9432 
6535 132 6631 
7004 676 33820 
7021 749 37495 
7049 495 24771 
6224 101 5089 
6564 59 2978 
7017 238 11923 
7018 204 10236 
7018 204 10247 
7020 645 32292 
7023 1408 70402 
7054 201 10073 
6855 85 4290 
7020 1270 63506 
7014 903 45172 
7022 29 1482 
7023 802 40150 
5031 69 3500 
6314 34 1718 
7017 751 37572 
7054 478 23947 
7055 422 21135 
7023 1247 62365 
7049 1243 62159 
6426 30 1530 
6980 55 2791 
7007 143 7180 
6521 18 944 
6521 23 1175 
6919 185 9292 
7010 1009 50470 
7019 194 9736 
5215 20 1025 
7004 1084 54230 
7012 60 3023 
7012 60 3039 
7014 200 10020 
7018 801 40068 
7014 380 19001 
7020 1296 64835 
7021 581 29085 
6615 56 2819 
7004 1156 57801 
7010 293 14661 
7014 603 30167 
7049 1896 94832 
6580 19 997 
7014 319 15998 
7020 1714 85742 
7004 515 25794 
7010 1648 82406 
6379 125 6261 
7006 409 20482 
7019 8 409 
7010 58 2909 
7017 1106 55304 
7026 392 19610 
7054 80 4016 
7054 546 27337 
7564 19 966 
6861 188 9417 
7014 221 11084 
7017 183 9191 
6799 5 300 
7008 1024 51212 
7023 1131 56566 
7054 1433 71660 
6427 139 6960 
7004 536 26840 
7008 1399 69952 
7012 434 21744 
7012 907 45365 
7026 258 12947 
7004 1165 58295 
7010 1748 87430 
7049 1618 80945 
5185 17 873 
7014 109 5481 
7018 352 17615 
7018 483 24192 
7026 510 25506 
6634 45 2259 
7010 550 27516 
7004 868 43430 
7054 304 15233 
5436 90 4542 
7026 764 38207 
7001 143 7160 
7012 1391 69594 
7016 16 829 
6879 133 6699 
7010 586 29308 
7014 556 27820 
7282 70 3512 
6101 71 3594 
6382 109 5466 
7003 598 29950 
7008 1155 57774 
7001 335 16757 
7004 703 35170 
7026 516 25825 
7049 1474 73718 
6369 29 1500 
6552 0 30 
6552 0 38 
7003 206 10336 
7008 1452 72608 
7026 446 22348 
6874 130 6537 
7021 642 32128 
5948 18 908 
6932 37 1869 
7012 1328 66447 
5331 212 10616 
6007 100 5033 
6824 5 300 
7003 355 17774 
7049 175 8784 
6299 52 2632 
6979 121 6058 
7014 1029 51499 
7054 509 25483 
7054 509 25486 
7006 228 11438 
7017 1559 77990 
7020 353 17663 
7021 453 22662 
7012 1301 65059 
7020 1224 61228 
5110 8 420 
6195 23 1183 
7010 445 22251 
7020 1617 80870 
5177 19 978 
6086 2 136 
6086 3 194 
7017 132 6626 
7026 188 9401 
7046 28 1448 
7003 1157 57857 
7003 1157 57864 
7012 454 22733 
7014 159 7953 
5569 20 1049 
6894 58 2924 
7014 872 43606 
7049 1213 60671 
6859 81 4082 
6664 48 2414 
7008 501 25056 
7003 1143 57168 
7020 209 10482 
6626 0 30 
7017 672 33648 
7004 1292 64610 
7055 551 27582 
6687 61 3051 
7010 622 31144 
7012 1087 54397 
5164 42 2137 
7004 183 9153 
7004 255 12791 
7014 528 26431 
6981 68 3448 
5959 24 1203 
6867 42 2122 
7049 787 39364 
7049 787 39382 
6160 0 48 
6998 184 9219 
7017 659 32978 
7018 943 47181 
7020 1431 71565 
7025 89 4462 
7055 284 14221 
7004 1375 68796 
7004 1375 68799 
5501 41 2100 
6666 128 6419 
7020 286 14301 
7026 795 39789 
7054 144 7230 
5499 77 3878 
7023 1007 50362 
7016 262 13127 
7022 254 12717 
7049 848 42402 
7055 314 15750 
5411 31 1564 
5540 65 3260 
7003 714 35703 
7026 685 34291 
7055 495 24799 
5389 17 875 
7001 164 8233 
7003 1243 62175 
7742 160 8018 
7001 118 5921 
7001 230 11546 
6517 5 280 
6517 9 481 
6908 153 7674 
7010 1129 56469 
7020 1532 76631 
7018 382 19104 
6489 133 6652 
7016 346 17326 
7003 327 16390 
7004 311 15569 
7006 272 13607 
7010 1466 73313 
7025 45 2261 
7019 132 6616 
5485 14 708 
6565 46 2336 
7003 1153 57673 
7003 1153 57680 
7010 1104 55225 
7017 497 24892 
7001 1157 57893 
7014 286 14322 
5409 26 1348 
6457 98 4933 
7010 1297 64874 
7010 1297 64876 
7014 1732 86636 
6640 121 6075 
6799 66 3327 
7006 442 22126 
7404 13 655 
6953 133 6662 
6813 176 8817 
7049 1693 84668 
7014 94 4720 
7003 1123 56177 
6100 36 1840 
7010 956 47850 
7025 225 11272 
6157 33 1663 
7001 645 32257 
7008 1395 69771 
7008 1395 69792 
7023 666 33339 
6978 38 1929 
7014 1063 53190 
7054 811 40580 
6956 11 579 
7019 401 20088 
7020 1320 66035 
7048 188 9440 
6011 4 235 
6812 63 3154 
7049 762 38114 
7049 762 38134 
7001 1086 54339 
7001 1086 54345 
6360 11 592 
7003 719 36000 
7054 1766 88349 
7004 1707 85388 
7026 814 40716 
7017 242 12104 
4962 118 5918 
6873 41 2070 
6828 136 6821 
7014 1152 57605 
7020 1107 55362 
7023 271 13553 
7023 271 13580 
7054 930 46532 
6870 13 700 
6620 154 7750 
6953 177 8855 
7049 717 35888 
7001 346 17318 
7023 703 35168 
7047 44 2209 
7001 752 37622 
7054 1469 73455 
7006 497 24881 
7010 915 45772 
6901 159 7984 
7012 670 33530 
7049 373 18655 
5095 14 731 
7004 3 162 
7018 740 37041 
7020 1266 63324 
6630 33 1697 
7001 1181 59083 
7021 20 1004 
6980 134 6750 
7010 1321 66080 
7020 711 35559 
7020 814 40706 
7010 633 31652 
7023 1538 76926 
7054 1926 96305 
7054 1926 96338 
7023 1479 73985 
7049 1179 58974 
4983 27 1396 
5598 62 3120 
7014 1391 69596 
7014 1579 78989 
7053 53 2688 
5966 97 4884 
5966 99 4982 
6668 108 5412 
6668 112 5646 
7054 802 40132 
5915 53 2682 
7026 275 13793 
6221 1 95 
7006 82 4114 
7049 990 49548 
7003 846 42334 
7014 368 18420 
5932 26 1310 
6932 81 4090 
7017 892 44639 
7017 1354 67712 
7019 67 3384 
7049 535 26788 
7006 495 24788 
7049 1743 87156 
5960 55 2770 
7003 1611 80583 
7003 1611 80585 
7004 1172 58609 
7054 1685 84287 
6871 177 8892 
7023 1462 73139 
7049 160 8033 
7014 1070 53506 
7023 1755 87792 
6562 9 484 
7014 545 27275 
7021 320 16036 
7023 1793 89666 
6318 74 3715 
6867 44 2208 
7011 281 14093 
7020 585 29274 
5569 15 763 
6952 137 6858 
7014 870 43524 
7001 601 30096 
7012 238 11929 
7054 2019 100963 
7522 46 2333 
5586 131 6570 
7013 65 3279 
7003 1405 70257 
7004 692 34647 
7023 1839 91966 
7003 972 48625 
7004 1586 79332 
7006 317 15887 
7008 576 28818 
7017 1731 86590 
6579 5 282 
6611 10 540 
6611 17 876 
7008 689 34486 
5584 23 1191 
6297 30 1515 
6958 168 8422 
7001 46 2326 
7008 264 13217 
7054 1929 96459 
6407 175 8752 
7006 518 25947 
7012 183 9159 
7012 183 9181 
7017 173 8699 
7049 774 38712 
5528 46 2310 
6964 41 2075 
7020 1605 80278 
7019 483 24176 
7021 662 33121 
7003 61 3092 
7012 482 24121 
7014 777 38879 
7023 1059 52960 
7008 882 44132 
7010 1408 70416 
7020 112 5614 
7007 77 3895 
7014 713 35675 
5561 1 70 
5561 2 111 
7008 401 20081 
7010 1379 68989 
7054 362 18107 
6692 114 5706 
7018 14 728 
7049 1255 62752 
7054 597 29860 
7020 491 24596 
7014 1307 65370 
7017 1594 79721 
7018 477 23859 
5433 11 583 
5965 35 1792 
5495 25 1264 
6687 83 4186 
7010 920 46028 
7011 85 4256 
7017 239 11999 
7049 136 6837 
6330 4 207 
6440 116 5829 
7003 179 8989 
7054 532 26641 
7768 198 9938 
7008 900 45043 
7008 1231 61594 
7053 32 1621 
7008 922 46120 
7008 922 46140 
5604 4 204 
5604 4 241 
6560 57 2874 
7023 400 20041 
5348 13 678 
6805 159 7972 
6950 22 1147 
6956 24 1238 
7049 530 26547 
7001 484 24230 
7003 1007 50384 
7054 367 18371 
6787 171 8580 
6022 14 718 
6022 16 814 
7017 1075 53758 
7054 1260 63010 
7049 625 31262 
7295 113 5672 
6058 13 690 
7001 1188 59402 
7023 1230 61508 
7049 741 37099 
7018 59 2971 
7054 866 43348 
5912 18 935 
7003 851 42591 
7014 460 23046 
6999 50 2509 
7010 1370 68516 
7017 993 49663 
7025 321 16095 
7023 1188 59431 
6592 127 6373 
6978 219 10997 
6978 226 11314 
7020 1655 82786 
5217 88 4411 
7003 1145 57278 
6876 3 156 
7020 420 21016 
7020 420 21018 
7021 658 32949 
6383 69 3499 
7010 990 49502 
7010 243 12189 
7019 464 23202 
7046 109 5488 
7017 99 4992 
7017 99 4994 
7018 176 8820 
7001 393 19668 
6527 118 5905 
7001 349 17478 
7008 22 1142 
7008 826 41318 
7003 212 10639 
7051 47 2365 
7054 606 30328 
7049 984 49235 
4992 103 5152 
7008 199 9976 
7020 1646 82327 
7020 1646 82348 
7021 590 29543 
7014 667 33382 
7054 1488 74438 
5458 150 7507 
7008 953 47651 
7006 268 13444 
7017 1638 81945 
5937 0 26 
7004 211 10596 
7049 113 5653 
7010 1017 50858 
7055 663 33156 
6338 100 5014 
7004 1238 61908 
7020 1892 94644 
7021 623 31200 
7054 1321 66074 
7020 1952 97639 
6826 95 4780 
6831 80 4040 
6831 89 4452 
7004 829 41471 
7054 60 3030 
7054 1605 80288 
7018 691 34570 
6945 3 170 
7016 171 8574 
6840 34 1721 
7010 235 11799 
7049 318 15941 
6686 61 3066 
7008 1040 52014 
7012 1027 51366 
6022 93 4673 
7006 322 16136 
7047 4 235 
7054 222 11105 
7054 222 11106 
6786 61 3096 
5526 0 6 
5776 15 763 
5938 43 2169 
6356 66 3316 
7010 1622 81131 
6467 152 7635 
6850 54 2723 
6957 126 6347 
7054 695 34786 
7012 1299 64995 
7019 52 2610 
7020 1645 82253 
7055 86 4346 
7008 1042 52108 
7017 1231 61567 
7017 1231 61584 
7017 1231 61591 
4957 47 2389 
7016 110 5512 
7021 845 42278 
7055 558 27913 
7001 626 31344 
7001 1023 51182 
7016 264 13232 
7020 1260 63018 
7023 1352 67611 
7025 372 18604 
7025 622 31115 
7004 376 18810 
7021 501 25064 
7014 1131 56581 
7026 530 26508 
7046 52 2616 
7014 1150 57514 
7025 525 26281 
7054 983 49153 
5547 1 59 
6110 171 8589 
7014 224 11220 
7012 1013 50694 
7014 204 10247 
7003 1701 85090 
7004 382 19108 
7004 1638 81937 
7013 119 5983 
7055 18 942 
5437 62 3116 
7014 846 42321 
7054 635 31761 
7003 1626 81313 
6535 161 8066 
7020 1195 59798 
7054 1963 98171 
7014 1071 53584 
5961 80 4012 
6285 141 7067 
7055 672 33619 
6798 197 9892 
7003 308 15440 
7003 1281 64063 
7010 1409 70460 
7014 1423 71190 
6780 143 7192 
7003 1441 72061 
7014 1642 82103 
7014 1642 82148 
7019 283 14195 
5005 26 1339 
5455 144 7244 
5947 7 365 
7020 1162 58102 
7020 1162 58137 
6525 17 852 
7010 422 21108 
7049 637 31870 
6387 97 4858 
7010 1020 51006 
7054 885 44277 
7055 295 14753 
5153 91 4562 
6997 54 2735 
7017 645 32264 
7025 241 12081 
7026 825 41252 
6663 241 12093 
6783 74 3731 
6894 27 1389 
7049 265 13279 
5061 22 1114 
7004 1036 51847 
7006 427 21356 
6303 92 4635 
6303 93 4692 
7023 1385 69296 
7010 1178 58933 
7049 1016 50840 
7054 1277 63884 
7466 217 10882 
7025 98 4941 
6765 180 9039 
7003 889 44487 
7023 1036 51831 
7054 1074 53745 
6934 223 11169 
6549 81 4100 
7017 869 43464 
7004 1175 58768 
7004 130 6530 
7023 25 1288 
5489 52 2643 
5966 117 5873 
7023 1588 79411 
7026 241 12056 
6341 33 1664 
7016 354 17709 
7020 661 33064 
7021 624 31240 
7017 698 34946 
6832 36 1826 
6832 36 1845 
7001 647 32380 
7008 1396 69849 
7010 551 27571 
7026 15 797 
7003 600 30049 
7411 47 2394 
7020 761 38063 
7054 707 35353 
6468 25 1283 
6533 65 3268 
7001 686 34329 
7004 1412 70643 
7054 1174 58701 
7049 1818 90943 
7054 1671 83577 
7645 129 6484 
5935 31 1569 
6603 63 3176 
6912 169 8498 
7049 137 6862 
5136 59 2981 
7018 828 41437 
6749 136 6813 
7010 1301 65058 
7026 286 14303 
7054 432 21629 
5930 87 4389 
5930 92 4607 
7008 1254 62735 
7010 36 1810 
7026 810 40520 
6930 24 1220 
7004 1269 63477 
7014 1646 82330 
6950 35 1763 
7023 1331 66572 
7010 1181 59088 
7018 899 44965 
6100 210 10513 
6803 60 3043 
7049 1418 70938 
6446 153 7676 
6765 200 10016 
6765 200 10041 
7001 625 31263 
7001 625 31266 
7023 1174 58745 
7025 20 1015 
7048 44 2230 
7049 981 49080 
6874 15 766 
7003 1712 85624 
6975 203 10181 
5203 77 3879 
6489 43 2161 
7013 197 9880 
7049 1647 82380 
6549 97 4880 
7010 1208 60434 
7017 1679 83962 
6881 151 7596 
7010 1565 78289 
7025 566 28333 
6567 1 76 
7017 636 31809 
7049 764 38233 
7014 784 39241 
7026 290 14538 
7026 757 37851 
7026 757 37873 
6535 82 4109 
7001 314 15748 
7026 351 17571 
7026 351 17573 
5966 31 1559 
7054 823 41179 
7010 744 37210 
7012 65 3288 
7020 931 46580 
7012 734 36722 
6405 35 1761 
7001 10 507 
7004 995 49776 
7019 308 15421 
7054 74 3724 
7019 546 27346 
7020 819 40980 
7055 141 7092 
7004 937 46894 
7018 9 468 
7018 865 43261 
7021 340 17022 
7021 340 17028 
7012 1699 84973 
7019 120 6037 
7001 696 34834 
7020 572 28619 
7025 575 28782 
7025 575 28788 
7054 2021 101099 
7018 763 38181 
6475 56 2810 
7012 1689 84492 
7008 32 1647 
7017 1181 59089 
6785 90 4518 
7004 976 48841 
7007 66 3348 
7049 1260 63037 
7012 1497 74883 
7025 266 13313 
7054 1288 64447 
7008 1031 51559 
7054 729 36474 
7049 88 4440 
6588 61 3086 
6588 62 3103 
6907 136 6822 
7014 288 14441 
6787 106 5325 
7023 416 20845 
5219 9 466 
6918 53 2670 
7004 223 11198 
7010 865 43264 
7003 604 30217 
7012 122 6133 
7020 1552 77641 
5179 143 7173 
7017 318 15905 
7018 538 26933 
7023 1904 95226 
6192 135 6769 
6402 0 22 
7004 1377 68897 
7017 1293 64697 
7023 279 13961 
7026 326 16348 
7049 1000 50023 
5910 83 4153 
6695 6 329 
6283 72 3602 
6283 72 3620 
6691 38 1904 
6785 210 10542 
6916 155 7755 
7004 1180 59016 
7012 1091 54582 
7049 693 34699 
7020 448 22428 
7054 1694 84745 
5364 161 8079 
7012 961 48057 
6075 28 1429 
7004 1517 75890 
7026 272 13639 
7020 1069 53451 
7054 1792 89613 
7008 562 28149 
7049 1205 60258 
6326 49 2465 
7010 474 23708 
7020 675 33790 
7016 74 3708 
7020 1207 60374 
7003 95 4775 
7003 95 4788 
7012 100 5031 
7079 47 2357 
6176 23 1167 
7004 859 42952 
7004 892 44641 
5217 4 216 
7022 52 2642 
7023 228 11439 
6656 57 2883 
7004 1604 80216 
7023 1305 65286 
5910 28 1413 
6782 33 1690 
7003 183 9191 
7003 183 9197 
7020 586 29309 
7014 1315 65783 
7049 57 2856 
7010 366 18340 
7004 1710 85508 
7018 201 10056 
7018 215 10751 
7023 1469 73491 
6192 127 6357 
6369 46 2330 
7055 483 24164 
7011 220 11009 
7008 75 3798 
6828 230 11529 
7012 216 10835 
7020 532 26601 
7026 771 38559 
5125 17 876 
6917 10 507 
7054 752 37601 
5897 63 3161 
7012 166 8307 
7017 1224 61201 
7004 368 18402 
7004 1514 75702 
7010 67 3374 
7004 49 2469 
7014 1424 71207 
7026 407 20371 
7049 1579 78970 
7003 884 44250 
7006 328 16449 
7025 397 19854 
5384 129 6480 
6426 175 8767 
6795 39 1959 
7008 89 4495 
7020 1348 67433 
7020 1420 71027 
7020 1439 71983 
4999 54 2747 
6893 8 450 
7023 421 21069 
7020 246 12321 
7020 870 43530 
7023 885 44297 
7025 49 2469 
7025 49 2476 
6935 28 1447 
6978 186 9340 
7023 940 47035 
7023 940 47036 
7054 33 1691 
7054 1814 90729 
7020 85 4252 
5016 97 4888 
6945 203 10194 
7003 742 37137 
7054 1216 60823 
6583 38 1921 
7014 1035 51788 
7017 898 44934 
7017 898 44938 
7017 898 44947 
7049 639 31965 
7054 1129 56486 
5519 115 5794 
7017 385 19264 
5419 2 131 
6094 15 771 
7023 934 46728 
6338 9 467 
6822 94 4714 
6922 172 8636 
7054 953 47691 
6091 66 3317 
6510 81 4074 
7003 247 12353 
7014 1490 74504 
6460 24 1203 
7017 1666 83339 
7021 288 14439 
7021 438 21907 
7014 1546 77340 
7054 132 6606 
7012 1105 55282 
7019 341 17060 
7049 1407 70379 
6638 5 271 
7014 1372 68640 
7020 816 40828 
7023 881 44075 
5618 9 486 
7003 386 19334 
7017 1271 63561 
7049 1160 58002 
7014 455 22768 
5322 4 235 
6998 171 8568 
7001 364 18226 
7020 228 11416 
7416 59 2997 
7010 459 22985 
7017 206 10307 
7048 173 8699 
7055 203 10185 
7017 1251 62570 
7017 1444 72224 
7003 637 31881 
7049 43 2186 
7014 1581 79067 
7018 562 28123 
7004 1052 52632 
7049 500 25012 
7049 500 25021 
7021 549 27470 
7022 165 8300 
7025 244 12227 
6283 34 1725 
6861 186 9320 
7023 1470 73531 
7371 154 7722 
5151 45 2266 
7054 1371 68573 
7003 579 28975 
7010 653 32682 
7055 464 23240 
5582 8 401 
7018 611 30576 
6930 64 3238 
7003 919 45968 
7018 198 9949 
6975 141 7054 
5091 13 688 
7010 1122 56142 
7055 28 1429 
7008 1076 53814 
7010 1743 87166 
7048 55 2783 
6480 43 2179 
7003 236 11834 
7003 666 33312 
7014 1208 60401 
7014 1208 60431 
4969 132 6622 
4969 132 6649 
6949 108 5404 
7003 548 27413 
7016 341 17092 
5397 130 6504 
5397 135 6763 
7049 229 11471 
6687 146 7344 
7001 478 23926 
5607 50 2550 
7020 1622 81130 
6616 162 8105 
6893 123 6176 
6893 125 6256 
7004 741 37063 
7017 446 22328 
7054 1128 56419 
6064 27 1379 
6837 44 2232 
7020 1497 74873 
7020 1767 88396 
7021 531 26582 
7018 659 32953 
7055 70 3535 
5361 42 2136 
7012 653 32692 
6503 53 2690 
7014 665 33251 
7017 176 8838 
6510 15 777 
7004 599 29964 
7026 281 14091 
7054 1582 79124 
7023 1485 74252 
6998 159 7961 
6999 23 1153 
6999 23 1194 
7026 318 15926 
7006 581 29091 
6303 102 5125 
6303 102 5140 
6950 46 2304 
6783 61 3073 
7017 1517 75899 
6978 27 1353 
7025 552 27624 
7025 552 27633 
7047 75 3779 
7048 205 10288 
7018 782 39103 
7010 431 21573 
6080 27 1380 
6666 182 9130 
6748 35 1772 
6765 208 10421 
7004 305 15283 
7020 1371 68558 
6649 23 1164 
7008 377 18897 
7012 522 26110 
7054 1594 79731 
7008 59 2972 
7046 66 3303 
7014 276 13811 
6453 78 3925 
6969 117 5885 
7004 482 24122 
7010 1078 53904 
7018 884 44203 
7019 388 19423 
7023 1650 82504 
5593 57 2898 
5630 19 952 
6043 123 6188 
6826 81 4080 
6874 46 2339 
7003 1336 66812 
7020 1616 80806 
7023 832 41607 
5005 36 1823 
6692 75 3769 
7048 196 9823 
7020 1812 90635 
7507 222 11106 
7016 38 1925 
6197 18 914 
7008 967 48377 
7021 126 6310 
7012 652 32616 
7021 758 37940 
7010 1069 53457 
7010 1069 53475 
5029 162 8150 
6157 85 4297 
6880 26 1337 
6339 113 5671 
6826 20 1040 
7014 664 33219 
5930 81 4054 
6881 157 7873 
6881 170 8531 
6923 96 4805 
7014 353 17673 
7017 559 27970 
6989 32 1609 
6989 50 2508 
7012 724 36212 
7504 101 5096 
5782 53 2680 
6216 116 5826 
6427 45 2296 
6427 50 2522 
7004 153 7672 
6780 114 5749 
7001 1119 55975 
6501 17 892 
6577 23 1189 
6831 116 5817 
7003 907 45400 
7001 744 37218 
7006 410 20524 
7008 850 42521 
7022 207 10395 
7026 27 1388 
7049 188 9427 
6206 77 3889 
7001 915 45759 
6583 0 26 
7023 631 31593 
7023 12 611 
7001 270 13517 
7017 1263 63180 
7017 1263 63189 
7023 599 29986 
7054 180 9044 
6787 2 126 
5419 11 591 
6575 24 1239 
7049 594 29722 
6879 51 2581 
6901 44 2227 
6901 53 2666 
7048 135 6775 
7049 250 12521 
5091 29 1485 
6789 3 177 
7010 337 16857 
7023 637 31856 
5397 17 871 
5908 14 711 
7012 96 4847 
7004 655 32782 
7008 1400 70048 
7020 1761 88067 
7051 51 2552 
5223 36 1829 
7049 925 46271 
7049 106 5321 
7540 9 460 
5493 14 735 
5493 18 941 
7001 635 31784 
7010 54 2750 
7012 99 4960 
6828 192 9607 
6828 197 9898 
7023 529 26470 
7054 949 47490 
7022 136 6835 
7026 670 33503 
5071 44 2237 
6354 61 3062 
7054 1230 61524 
5166 2 125 
5169 213 10666 
7003 813 40695 
6036 40 2018 
7003 1727 86351 
7003 1727 86358 
7023 335 16787 
6506 125 6255 
7020 1487 74360 
7003 182 9106 
7010 1566 78336 
7018 358 17919 
7020 1705 85262 
7054 1909 95461 
7014 915 45794 
7019 77 3868 
7014 1042 52135 
7014 1468 73408 
7014 1468 73443 
7025 501 25070 
7025 501 25076 
7004 48 2408 
7011 133 6678 
7026 454 22745 
7054 1429 71482 
5151 191 9589 
6106 41 2096 
7012 138 6903 
7055 530 26523 
6340 13 666 
6890 5 291 
6890 22 1118 
7049 815 40764 
5361 115 5752 
6936 5 287 
7001 1162 58149 
7004 698 34921 
7006 47 2378 
5001 16 823 
6478 143 7175 
7021 72 3601 
5536 53 2655 
5988 24 1216 
7049 1788 89450 
7001 281 14076 
7003 1296 64848 
7049 225 11292 
5139 77 3875 
7003 1150 57504 
7011 98 4925 
7014 1111 55567 
7017 548 27431 
7001 191 9600 
7004 177 8868 
7012 1725 86298 
7020 1922 96115 
7026 831 41588 
6030 83 4152 
6829 157 7884 
7003 1356 67809 
7004 124 6231 
7013 168 8432 
6103 56 2826 
7012 1469 73454 
7046 116 5829 
7049 562 28135 
7055 749 37499 
5212 38 1950 
6647 59 2967 
6683 95 4777 
6683 99 4958 
6535 17 894 
7054 1564 78218 
5025 23 1178 
5616 114 5746 
5436 4 247 
7003 220 11004 
7003 220 11011 
7018 393 19699 
5226 38 1936 
6999 11 599 
7017 741 37074 
7026 319 15983 
7014 1644 82248 
7020 676 33820 
7055 700 35028 
6936 212 10605 
7020 1119 55970 
5933 85 4264 
7003 689 34481 
7023 914 45723 
7049 548 27428 
7049 548 27438 
6298 166 8322 
6642 122 6141 
7004 1301 65083 
6359 50 2522 
7049 545 27299 
5093 155 7794 
6609 52 2647 
6609 56 2837 
7004 463 23174 
7018 228 11439 
7023 1260 63008 
6972 145 7273 
7055 254 12735 
7004 532 26645 
5216 48 2436 
5933 201 10058 
7004 1552 77619 
6579 89 4486 
6668 59 2992 
6940 25 1283 
6830 225 11263 
6830 225 11272 
7054 1786 89326 
7004 809 40470 
7049 986 49348 
7054 2002 100126 
6621 15 754 
7004 1687 84353 
7012 736 36808 
7023 234 11732 
6535 149 7487 
7018 668 33412 
7054 1788 89427 
7010 439 21965 
7001 783 39197 
7003 299 14965 
7018 808 40409 
7023 564 28246 
5090 5 298 
6113 0 12 
7017 1019 50976 
5368 29 1497 
6811 195 9771 
7022 180 9009 
7023 1084 54231 
6765 44 2211 
7010 429 21483 
7048 153 7693 
5524 42 2115 
5947 111 5570 
7046 78 3901 
7055 585 29268 
7020 1121 56083 
7461 51 2553 
7021 407 20352 
7023 753 37681 
6823 11 570 
7014 107 5378 
7016 191 9554 
7012 1028 51405 
7021 857 42864 
7021 857 42867 
6901 211 10577 
7001 407 20386 
7006 170 8515 
7012 10 528 
7010 14 747 
6303 128 6413 
6922 216 10824 
7012 184 9227 
6959 106 5328 
7001 302 15104 
7003 730 36513 
7010 11 587 
7014 1034 51745 
7020 1277 63894 
6355 23 1173 
6444 115 5763 
7001 711 35596 
7049 1042 52139 
6517 22 1120 
6663 116 5850 
7008 251 12573 
7008 251 12599 
7017 910 45535 
6932 120 6011 
6960 155 7790 
7008 627 31363 
7012 70 3501 
7014 233 11655 
7025 381 19077 
7004 1225 61254 
7020 1832 91643 
7003 1330 66539 
7054 563 28177 
7054 1783 89154 
7008 810 40517 
7023 813 40672 
7014 764 38201 
6653 27 1398 
7010 808 40450 
6118 217 10885 
6836 45 2260 
6958 76 3841 
7003 1321 66100 
7020 1673 83697 
7049 386 19308 
7049 1107 55390 
7026 568 28407 
7026 568 28444 
7001 468 23430 
7012 410 20525 
6336 86 4325 
7026 683 34155 
7055 126 6321 
6091 20 1045 
6914 27 1375 
7014 1587 79395 
7046 118 5934 
7054 1175 58775 
7048 1 97 
7001 445 22300 
7003 468 23402 
7023 1380 69018 
7003 1663 83178 
7010 380 19004 
6837 213 10679 
7013 80 4016 
6231 67 3381 
6974 91 4591 
7020 763 38179 
7021 160 8001 
7287 17 897 
6369 126 6345 
7008 1123 56195 
7004 74 3714 
7011 283 14168 
6457 63 3196 
6840 40 2024 
7054 776 38804 
6932 70 3518 
7003 954 47710 
7023 430 21549 
7025 318 15948 
7054 1974 98713 
7023 549 27488 
7004 337 16881 
7012 39 1967 
7014 1302 65127 
7017 56 2845 
7375 1 88 
6859 237 11891 
6859 240 12027 
6957 130 6516 
7020 1223 61172 
6547 11 587 
7054 1724 86224 
7023 114 5740 
7049 1269 63467 
6479 48 2424 
6780 128 6438 
7003 1477 73883 
7023 725 36288 
6286 169 8461 
6991 235 11778 
7116 21 1068 
7001 47 2358 
7001 47 2386 
7054 275 13799 
7012 252 12633 
7008 1048 52411 
7054 994 49704 
7054 994 49739 
5059 52 2641 
6672 15 780 
7021 276 13828 
7023 792 39615 
7006 606 30322 
7017 1391 69553 
7054 739 36989 
5906 135 6793 
7004 1717 85898 
7020 322 16127 
7046 12 608 
7049 948 47419 
7055 538 26943 
5470 50 2523 
5470 56 2821 
7014 1538 76902 
7023 1522 76119 
6192 83 4195 
6831 18 937 
7008 914 45738 
7020 1472 73637 
6176 103 5153 
6907 18 939 
7004 1033 51695 
7008 119 5993 
7021 625 31264 
7021 625 31274 
5147 14 734 
7003 1693 84674 
7008 1371 68594 
7014 628 31402 
7026 517 25853 
7026 517 25891 
7047 45 2257 
7054 1172 58626 
7054 1191 59589 
5975 65 3262 
7004 1202 60114 
7023 258 12935 
7012 395 19763 
7012 1034 51719 
7016 67 3398 
7021 461 23097 
7025 271 13575 
6404 145 7286 
7145 26 1344 
7001 220 11008 
7003 282 14134 
7008 123 6192 
7008 356 17818 
7020 1427 71377 
7054 784 39205 
7055 743 37175 
7580 19 996 
6283 90 4510 
7003 746 37314 
7014 614 30725 
6110 58 2927 
7001 840 42029 
6221 39 1980 
7001 855 42776 
7008 1317 65866 
7014 95 4761 
7055 516 25809 
7055 516 25841 
6439 69 3481 
7055 435 21779 
6322 53 2660 
7003 1667 83391 
5949 38 1933 
5949 43 2161 
6859 72 3616 
7049 1059 52975 
7004 1528 76440 
7018 435 21770 
7011 70 3533 
7012 1703 85185 
7025 538 26920 
6633 39 1984 
6676 124 6231 
7010 1279 63988 
7653 1 70 
5143 6 319 
5966 152 7627 
6666 112 5642 
6955 231 11592 
7017 118 5914 
6830 0 42 
7025 513 25700 
7003 40 2038 
7020 140 7049 
7020 1592 79633 
7049 1286 64346 
6376 21 1057 
7001 428 21429 
7018 212 10623 
7018 212 10626 
7018 212 10638 
7020 440 22029 
7023 721 36085 
5911 59 2961 
6441 25 1297 
7001 710 35548 
7021 187 9351 
5025 78 3902 
7010 348 17410 
7010 667 33360 
6675 9 462 
5093 42 2115 
6921 181 9093 
6553 50 2538 
7003 669 33466 
7004 242 12122 
7017 629 31489 
6324 145 7279 
6324 149 7454 
7004 1543 77190 
7017 106 5335 
7049 994 49721 
7016 232 11608 
7017 995 49769 
7019 485 24279 
7020 1274 63744 
7004 506 25337 
7568 6 334 
6343 99 4991 
6866 20 1006 
7020 116 5824 
7054 1562 78102 
7012 773 38695 
7054 1574 78748 
6786 43 2158 
7021 729 36451 
7017 1245 62286 
6031 205 10261 
6075 4 221 
6075 8 438 
7006 376 18840 
7018 973 48656 
5361 31 1576 
5478 3 153 
6958 118 5929 
7020 1445 72268 
5417 3 179 
6091 125 6271 
7049 626 31312 
6855 4 223 
7018 657 32866 
7049 1819 90990 
7049 1819 90991 
6122 185 9253 
7010 1482 74112 
7502 7 355 
6939 76 3847 
6939 79 3970 
7014 148 7407 
7004 129 6497 
7008 274 13726 
7014 1492 74633 
6145 3 155 
7010 1142 57104 
7010 1142 57122 
7012 351 17558 
5031 12 632 
7010 331 16599 
7017 1175 58773 
7049 388 19413 
5564 175 8761 
6602 15 800 
7012 700 35021 
7012 718 35940 
7049 832 41628 
6769 206 10343 
6917 107 5388 
7001 737 36881 
7003 1079 53983 
5769 69 3498 
6879 38 1945 
7014 1142 57112 
7017 979 48992 
7004 1362 68112 
7008 435 21786 
7016 32 1608 
7026 167 8373 
7049 257 12852 
7054 792 39644 
7054 1404 70205 
7001 531 26592 
7012 298 14912 
7049 829 41499 
7001 989 49471 
7004 835 41751 
7049 1413 70654 
7001 176 8838 
7026 621 31060 
7047 71 3577 
7054 1195 59799 
5774 23 1196 
7001 125 6292 
7003 1389 69455 
6103 28 1425 
7003 1270 63507 
7049 16 840 
7054 365 18293 
5627 2 131 
5607 52 2606 
7010 1034 51707 
7023 820 41001 
7023 820 41025 
7004 985 49278 
7010 842 42130 
7017 405 20278 
7025 625 31262 
5983 9 492 
7017 249 12460 
7046 115 5774 
7055 361 18072 
6666 19 989 
7014 731 36566 
7623 85 4254 
6592 40 2027 
7025 356 17850 
6551 83 4159 
6977 56 2802 
7001 171 8597 
6592 81 4086 
7008 960 48034 
7018 65 3252 
7018 65 3287 
7020 113 5683 
7025 257 12889 
7049 1122 56102 
6480 118 5921 
6480 120 6045 
7023 370 18523 
7023 370 18531 
5382 57 2884 
6903 4 212 
7049 1516 75835 
6882 218 10922 
6907 167 8373 
7020 1398 69904 
7729 130 6544 
7054 521 26051 
5983 31 1559 
6649 40 2027 
7012 1086 54323 
7055 109 5466 
7055 109 5489 
6950 37 1862 
7020 1078 53922 
5341 27 1370 
5341 27 1385 
6589 41 2059 
6589 43 2175 
7026 72 3620 
7026 72 3623 
7049 1275 63770 
7014 648 32440 
5328 96 4831 
5971 78 3902 
6773 133 6659 
5966 108 5417 
7014 705 35261 
7003 1107 55378 
6811 170 8513 
7010 1230 61521 
7018 599 29990 
7023 257 12881 
7023 257 12890 
7025 192 9647 
5910 102 5102 
7049 1929 96460 
5371 23 1197 
5576 87 4386 
6775 11 592 
7012 1011 50554 
7023 1928 96415 
7008 412 20636 
7022 216 10802 
7023 272 13613 
6572 116 5821 
7004 1596 79831 
7010 442 22123 
7010 1144 57237 
5910 72 3639 
6216 124 6215 
7010 38 1933 
7020 1634 81722 
6058 184 9228 
6216 127 6352 
7003 1695 84773 
7014 622 31122 
7018 803 40151 
7026 39 1960 
7026 39 1991 
6792 3 172 
6874 43 2188 
7012 1673 83677 
7012 1673 83681 
7054 502 25140 
5204 143 7181 
7010 43 2169 
7023 1649 82500 
6028 1 96 
6521 101 5069 
6999 44 2208 
7017 788 39444 
6091 15 763 
7012 104 5208 
7023 787 39400 
7049 621 31086 
7006 346 17314 
7014 113 5700 
7049 1522 76139 
6065 36 1831 
6551 4 219 
7014 1292 64604 
7014 1292 64607 
7046 49 2469 
5584 31 1589 
7003 187 9379 
7006 320 16030 
7008 121 6066 
6642 69 3464 
6756 142 7115 
7014 860 43034 
7049 753 37700 
5059 39 1967 
5440 47 2351 
7012 121 6083 
7014 1454 72750 
7017 769 38476 
7017 1439 71984 
6975 190 9534 
7004 1239 61989 
6668 82 4140 
7016 173 8668 
7008 156 7840 
5906 191 9575 
7008 166 8328 
4971 4 215 
6696 33 1684 
7013 130 6522 
7013 130 6528 
7049 729 36460 
6912 222 11142 
7049 1151 57567 
7007 61 3096 
7020 524 26245 
7054 1010 50545 
7008 1210 60514 
7020 733 36677 
7145 47 2389 
6105 29 1490 
6203 2 134 
6985 65 3254 
7021 801 40078 
7021 801 40098 
7003 1192 59646 
6690 164 8202 
7001 595 29766 
7010 1528 76423 
7055 467 23364 
7014 307 15357 
7010 196 9814 
