Run Subrun Event
6125 102 5149 
7012 389 19481 
7014 1174 58719 
7018 961 48070 
7055 612 30604 
6362 89 4481 
7019 103 5186 
7049 1044 52223 
7049 1033 51668 
7008 821 41099 
7012 1717 85864 
7014 853 42674 
7023 367 18383 
7049 1157 57869 
6933 43 2199 
7023 656 32844 
6540 52 2610 
7006 621 31053 
7013 198 9912 
7023 1676 83809 
7023 1676 83850 
6657 13 652 
7020 654 32724 
7020 1822 91139 
7003 683 34175 
7020 841 42053 
7020 841 42100 
7012 120 6011 
7020 599 29971 
7049 1382 69120 
5771 55 2760 
7014 1254 62707 
7008 260 13011 
7054 1902 95117 
7001 357 17897 
7055 553 27698 
6901 137 6851 
7020 389 19473 
5162 32 1643 
6894 40 2003 
7023 1660 83028 
7055 626 31339 
7004 1531 76573 
6297 10 538 
5418 22 1108 
7014 1025 51269 
7017 98 4930 
7003 668 33442 
7010 804 40201 
7010 804 40209 
7010 804 40219 
7055 417 20867 
7020 618 30945 
7054 672 33646 
7023 1049 52465 
7054 1537 76852 
6942 51 2594 
7054 582 29101 
7055 399 19953 
7004 9 460 
7020 451 22590 
7049 523 26182 
7055 625 31284 
7023 1274 63736 
6865 73 3697 
7012 1752 87650 
6348 101 5065 
7026 4 247 
6180 25 1256 
7017 576 28813 
7020 1409 70473 
7026 347 17385 
5087 28 1448 
6647 207 10362 
7004 465 23266 
7019 348 17416 
7131 27 1363 
7008 577 28868 
7020 471 23581 
7026 542 27125 
6572 1 76 
6596 64 3204 
7010 47 2398 
6487 112 5604 
6658 45 2258 
5933 45 2274 
6971 12 615 
7020 9 472 
7049 129 6497 
6867 19 960 
6888 160 8040 
6945 171 8575 
7006 384 19228 
7004 94 4747 
7004 94 4748 
6506 114 5749 
5154 6 340 
6867 55 2757 
7018 218 10908 
7025 612 30601 
7054 959 47977 
7004 651 32556 
7010 311 15566 
7751 20 1005 
7008 1115 55798 
7023 141 7078 
7008 686 34325 
7054 517 25891 
7054 517 25895 
7055 676 33839 
6324 64 3234 
6553 116 5813 
7022 37 1861 
7022 37 1881 
6691 23 1162 
6123 53 2698 
7012 200 10049 
7375 19 995 
6639 55 2764 
6663 210 10505 
7017 1129 56451 
7049 1861 93089 
7011 24 1216 
5002 31 1583 
7004 17 867 
7021 240 12026 
7014 1393 69654 
5134 42 2121 
7022 79 3971 
7008 1144 57239 
7023 59 2953 
4979 126 6323 
7025 395 19782 
7023 1668 83417 
7012 1658 82936 
7017 1308 65417 
7023 155 7772 
7004 173 8653 
7006 80 4011 
6922 13 700 
7010 83 4170 
7047 60 3001 
7049 778 38909 
7018 931 46594 
7020 1055 52798 
7001 1090 54513 
7001 1090 54527 
7008 928 46418 
7017 520 26008 
7055 309 15491 
7001 334 16748 
7026 529 26496 
7054 708 35434 
7023 20 1005 
6692 118 5932 
7020 1598 79945 
7023 184 9246 
7014 1451 72563 
7049 552 27616 
6749 42 2105 
6978 166 8329 
7055 753 37672 
5151 86 4328 
7026 20 1037 
7007 136 6804 
7012 646 32339 
7054 1473 73658 
6376 82 4144 
6692 101 5098 
6901 25 1291 
7003 1661 83064 
7008 958 47902 
7021 666 33312 
7049 1511 75554 
7142 32 1636 
7012 928 46408 
7016 252 12615 
7020 535 26785 
5909 77 3872 
7019 360 18030 
6893 146 7309 
7023 1510 75547 
7026 592 29648 
7049 1426 71349 
7014 700 35011 
5918 47 2397 
7020 1311 65577 
7051 21 1068 
7010 44 2235 
6980 172 8622 
7006 374 18724 
7006 374 18749 
6812 29 1457 
7049 653 32657 
5607 66 3341 
6304 148 7424 
6800 135 6796 
5530 11 589 
7010 789 39473 
7055 470 23548 
6632 25 1292 
7006 12 630 
7018 491 24559 
7020 1481 74071 
7001 1050 52533 
7003 1152 57607 
7013 29 1451 
6503 20 1004 
7026 185 9274 
7011 187 9351 
7011 187 9393 
7048 198 9943 
7054 769 38465 
7054 769 38469 
5938 85 4251 
6758 15 764 
7025 245 12296 
7018 766 38330 
7026 872 43632 
7006 309 15482 
6905 94 4707 
7003 429 21454 
6381 100 5023 
7010 980 49026 
7017 413 20662 
7017 1560 78036 
6616 165 8296 
6915 157 7897 
7012 1285 64275 
7023 1112 55616 
7001 236 11844 
7049 1002 50123 
7100 9 462 
7008 544 27234 
7014 897 44892 
6596 91 4569 
6380 11 572 
7001 88 4450 
6217 78 3945 
6468 96 4806 
6479 35 1761 
7054 2004 100210 
7016 328 16407 
6095 18 950 
7017 688 34422 
7084 57 2899 
7001 771 38572 
7023 1486 74314 
7049 765 38272 
7018 929 46466 
6286 170 8506 
7018 446 22329 
7055 168 8448 
7001 715 35756 
5034 78 3937 
6590 10 522 
6787 97 4891 
7012 1218 60910 
7023 220 11047 
7010 560 28036 
7012 1228 61427 
7018 940 47031 
7012 825 41252 
7004 344 17204 
7018 537 26876 
6288 49 2451 
7018 164 8241 
7025 249 12465 
7025 249 12494 
7055 513 25700 
7013 117 5896 
6966 5 274 
7008 1167 58389 
7017 532 26625 
7017 532 26646 
7013 230 11517 
6310 10 512 
6360 70 3511 
6487 15 786 
7023 1198 59940 
6763 0 40 
7020 1400 70009 
7020 573 28691 
6507 177 8890 
6507 183 9191 
5385 7 392 
7014 68 3443 
7006 367 18351 
6620 113 5688 
7012 946 47326 
6182 51 2568 
7049 1374 68719 
7003 1472 73631 
7025 537 26879 
7003 1654 82745 
5914 90 4525 
6935 5 255 
4979 72 3609 
6692 51 2593 
5531 25 1256 
7001 116 5819 
4979 25 1256 
7003 618 30919 
7014 871 43556 
7017 504 25231 
7026 726 36308 
7017 933 46679 
7049 870 43533 
6343 86 4329 
6343 86 4345 
7017 1606 80317 
7053 50 2550 
7054 1461 73100 
7008 376 18821 
6468 3 167 
6866 174 8746 
6562 199 9969 
7022 9 494 
7054 633 31655 
7054 1736 86844 
7026 489 24480 
7017 1043 52154 
7022 114 5743 
6957 120 6013 
7049 906 45306 
7049 906 45329 
7014 430 21545 
7018 192 9649 
7051 77 3883 
6687 97 4851 
7006 441 22085 
7017 1507 75374 
5774 46 2349 
6343 68 3404 
7004 1450 72504 
6614 38 1946 
7006 166 8319 
6958 33 1688 
7003 1218 60914 
7004 1384 69215 
5437 145 7285 
6233 35 1785 
7049 601 30098 
7049 862 43140 
7049 1868 93447 
5331 119 5987 
7307 50 2502 
7012 748 37439 
7020 1671 83594 
7013 233 11681 
7020 798 39927 
7026 114 5709 
5207 33 1688 
7011 15 776 
7026 794 39743 
7014 1026 51316 
7055 133 6698 
6779 58 2920 
7008 327 16358 
6960 26 1331 
7014 435 21765 
7019 491 24554 
5370 36 1822 
7017 982 49115 
7017 982 49142 
7008 841 42057 
7023 1508 75450 
7003 997 49894 
6888 89 4464 
6429 150 7515 
7014 1740 87008 
7019 361 18052 
7026 86 4310 
7004 540 27010 
7017 1631 81568 
6989 14 742 
6588 53 2696 
7006 599 30000 
7003 402 20150 
7497 185 9264 
5996 55 2759 
7010 1360 68024 
7014 340 17022 
7023 1497 74872 
7025 438 21929 
7054 622 31131 
7018 495 24793 
6687 164 8225 
7023 1189 59479 
5108 50 2508 
7004 1628 81433 
7008 1338 66924 
7003 1442 72141 
7051 99 4984 
7054 1304 65237 
7023 1912 95646 
6749 222 11111 
7003 160 8032 
7049 1180 59029 
6489 13 680 
7025 553 27674 
5519 137 6873 
7008 461 23080 
7013 99 4977 
7023 1692 84602 
6546 20 1008 
6546 26 1348 
7006 456 22837 
7004 257 12897 
7004 458 22915 
6805 138 6931 
7026 874 43717 
7327 188 9411 
6284 87 4385 
6854 49 2460 
5154 173 8698 
6871 109 5482 
5154 125 6293 
7135 31 1588 
7004 984 49245 
7011 200 10023 
7020 981 49069 
6176 179 8983 
4999 60 3037 
7008 250 12506 
7012 147 7358 
7008 514 25703 
7046 58 2919 
7293 120 6007 
7001 550 27518 
7026 169 8456 
6832 4 222 
7012 409 20475 
7023 1622 81133 
7055 220 11006 
7014 955 47770 
7019 566 28310 
6989 37 1862 
7054 1704 85237 
7010 1539 76970 
7020 275 13792 
5996 72 3617 
7004 41 2062 
7025 76 3839 
7010 725 36251 
7018 963 48156 
7023 866 43341 
6605 76 3810 
7008 1445 72259 
7055 620 31024 
7012 1664 83227 
6907 197 9895 
7003 761 38080 
5507 24 1204 
7004 108 5450 
7023 1826 91332 
7051 70 3522 
7051 70 3525 
6616 92 4635 
6969 11 556 
7001 581 29079 
7001 867 43393 
7012 1012 50607 
6110 92 4645 
6936 73 3654 
6960 138 6917 
7017 39 1989 
7006 601 30078 
7008 547 27370 
6756 94 4709 
6756 97 4869 
7014 1436 71815 
7014 1269 63470 
7001 896 44822 
7054 212 10630 
7054 1811 90579 
5996 11 590 
7025 394 19713 
6888 241 12068 
7008 647 32362 
7020 975 48779 
6023 62 3127 
6417 190 9512 
5602 11 582 
5127 118 5945 
7023 983 49175 
7021 166 8315 
7012 1155 57753 
7012 1551 77572 
6227 1 92 
6974 78 3935 
7020 385 19269 
7049 682 34124 
6199 108 5412 
7049 752 37618 
7004 676 33820 
7021 749 37495 
7049 495 24771 
6224 101 5089 
7017 238 11923 
7018 204 10247 
7020 645 32292 
7023 1408 70402 
7054 201 10073 
6855 85 4290 
7020 1270 63506 
7014 903 45172 
7022 29 1482 
7023 802 40150 
5031 69 3500 
6314 34 1718 
7017 751 37572 
7054 478 23947 
7023 1247 62365 
7049 1243 62159 
7007 143 7180 
6521 18 944 
6919 185 9292 
7010 1009 50470 
5215 20 1025 
7004 1084 54230 
7012 60 3023 
7012 60 3039 
7014 380 19001 
7021 581 29085 
7004 1156 57801 
7010 293 14661 
7014 603 30167 
6580 19 997 
7014 319 15998 
7020 1714 85742 
7004 515 25794 
6379 125 6261 
7006 409 20482 
7019 8 409 
7010 58 2909 
7017 1106 55304 
7026 392 19610 
7054 546 27337 
6861 188 9417 
7014 221 11084 
7017 183 9191 
6799 5 300 
7008 1024 51212 
7023 1131 56566 
7054 1433 71660 
7008 1399 69952 
7012 434 21744 
7012 907 45365 
7026 258 12947 
7004 1165 58295 
7010 1748 87430 
7049 1618 80945 
5185 17 873 
7018 352 17615 
7018 483 24192 
7026 510 25506 
6634 45 2259 
7010 550 27516 
7004 868 43430 
7026 764 38207 
7012 1391 69594 
7016 16 829 
7008 1155 57774 
7001 335 16757 
7026 516 25825 
7049 1474 73718 
6369 29 1500 
6552 0 38 
7003 206 10336 
7008 1452 72608 
7026 446 22348 
6874 130 6537 
7021 642 32128 
5948 18 908 
7012 1328 66447 
6007 100 5033 
7003 355 17774 
6299 52 2632 
7054 509 25483 
7054 509 25486 
7006 228 11438 
7017 1559 77990 
7020 353 17663 
7012 1301 65059 
5110 8 420 
7010 445 22251 
7020 1617 80870 
5177 19 978 
6086 2 136 
6086 3 194 
7017 132 6626 
7003 1157 57864 
7014 159 7953 
6894 58 2924 
7049 1213 60671 
7008 501 25056 
7003 1143 57168 
7020 209 10482 
6626 0 30 
7004 1292 64610 
7055 551 27582 
6687 61 3051 
7012 1087 54397 
5164 42 2137 
7004 183 9153 
7014 528 26431 
6981 68 3448 
5959 24 1203 
6867 42 2122 
7049 787 39364 
7049 787 39382 
6160 0 48 
6998 184 9219 
7017 659 32978 
7018 943 47181 
7025 89 4462 
7055 284 14221 
7004 1375 68796 
7004 1375 68799 
6666 128 6419 
7020 286 14301 
7026 795 39789 
7023 1007 50362 
7022 254 12717 
7049 848 42402 
7055 314 15750 
5411 31 1564 
7003 714 35703 
7026 685 34291 
7055 495 24799 
5389 17 875 
7001 164 8233 
7003 1243 62175 
7742 160 8018 
6517 5 280 
6517 9 481 
6908 153 7674 
7020 1532 76631 
7016 346 17326 
7003 327 16390 
7006 272 13607 
7025 45 2261 
5485 14 708 
7003 1153 57673 
7017 497 24892 
7001 1157 57893 
7014 286 14322 
5409 26 1348 
6457 98 4933 
7010 1297 64876 
7014 1732 86636 
6640 121 6075 
6799 66 3327 
7006 442 22126 
7404 13 655 
6953 133 6662 
7014 94 4720 
7003 1123 56177 
6100 36 1840 
7010 956 47850 
7025 225 11272 
6157 33 1663 
7001 645 32257 
7008 1395 69771 
7008 1395 69792 
6978 38 1929 
7014 1063 53190 
7054 811 40580 
7020 1320 66035 
7048 188 9440 
7049 762 38114 
7049 762 38134 
7001 1086 54345 
6360 11 592 
7054 1766 88349 
7004 1707 85388 
7017 242 12104 
4962 118 5918 
6873 41 2070 
6828 136 6821 
7020 1107 55362 
7023 271 13553 
7023 271 13580 
7054 930 46532 
6870 13 700 
6953 177 8855 
7001 346 17318 
7023 703 35168 
7047 44 2209 
7001 752 37622 
7054 1469 73455 
7006 497 24881 
7010 915 45772 
7012 670 33530 
7049 373 18655 
7004 3 162 
7020 1266 63324 
6630 33 1697 
7021 20 1004 
7010 1321 66080 
7020 711 35559 
7020 814 40706 
7010 633 31652 
7023 1538 76926 
7054 1926 96305 
7054 1926 96338 
7023 1479 73985 
7014 1391 69596 
7053 53 2688 
5966 97 4884 
5966 99 4982 
6668 112 5646 
7054 802 40132 
5915 53 2682 
7026 275 13793 
6221 1 95 
7006 82 4114 
7049 990 49548 
7014 368 18420 
5932 26 1310 
6932 81 4090 
7017 892 44639 
7019 67 3384 
7049 535 26788 
7006 495 24788 
7049 1743 87156 
5960 55 2770 
7004 1172 58609 
7054 1685 84287 
6871 177 8892 
7023 1462 73139 
7049 160 8033 
7014 1070 53506 
6562 9 484 
7014 545 27275 
7021 320 16036 
7023 1793 89666 
6318 74 3715 
6867 44 2208 
7020 585 29274 
6952 137 6858 
7014 870 43524 
7001 601 30096 
7013 65 3279 
7023 1839 91966 
7003 972 48625 
7004 1586 79332 
7008 576 28818 
7017 1731 86590 
6579 5 282 
6611 10 540 
6611 17 876 
7008 689 34486 
5584 23 1191 
7001 46 2326 
7008 264 13217 
7054 1929 96459 
6407 175 8752 
7006 518 25947 
7012 183 9159 
7012 183 9181 
7017 173 8699 
6964 41 2075 
7020 1605 80278 
7021 662 33121 
7003 61 3092 
7012 482 24121 
7014 777 38879 
7023 1059 52960 
7008 882 44132 
7010 1408 70416 
7020 112 5614 
7007 77 3895 
7014 713 35675 
5561 1 70 
5561 2 111 
7010 1379 68989 
7054 362 18107 
7018 14 728 
7049 1255 62752 
7054 597 29860 
7020 491 24596 
7014 1307 65370 
7017 1594 79721 
7018 477 23859 
5433 11 583 
5965 35 1792 
5495 25 1264 
7011 85 4256 
7049 136 6837 
6440 116 5829 
7003 179 8989 
7008 900 45043 
7008 1231 61594 
7053 32 1621 
7008 922 46120 
7008 922 46140 
5604 4 204 
5604 4 241 
6560 57 2874 
7023 400 20041 
5348 13 678 
6805 159 7972 
6950 22 1147 
6956 24 1238 
7049 530 26547 
7001 484 24230 
7003 1007 50384 
6787 171 8580 
6022 14 718 
7017 1075 53758 
7049 625 31262 
6058 13 690 
7001 1188 59402 
7023 1230 61508 
7018 59 2971 
7003 851 42591 
7014 460 23046 
6999 50 2509 
7017 993 49663 
7023 1188 59431 
6592 127 6373 
7020 1655 82786 
7003 1145 57278 
6876 3 156 
7020 420 21016 
7020 420 21018 
7021 658 32949 
6383 69 3499 
7010 990 49502 
7010 243 12189 
7019 464 23202 
7046 109 5488 
7018 176 8820 
7001 349 17478 
7008 22 1142 
7008 826 41318 
7003 212 10639 
7049 984 49235 
4992 103 5152 
7008 199 9976 
7020 1646 82327 
7020 1646 82348 
7021 590 29543 
7054 1488 74438 
5458 150 7507 
7008 953 47651 
7006 268 13444 
7017 1638 81945 
7004 211 10596 
7010 1017 50858 
7055 663 33156 
7004 1238 61908 
7020 1892 94644 
7021 623 31200 
7020 1952 97639 
6826 95 4780 
6831 80 4040 
7054 60 3030 
6840 34 1721 
7010 235 11799 
7049 318 15941 
7008 1040 52014 
7012 1027 51366 
6022 93 4673 
7006 322 16136 
7047 4 235 
7054 222 11105 
7054 222 11106 
6786 61 3096 
5526 0 6 
5776 15 763 
6356 66 3316 
6850 54 2723 
6957 126 6347 
7020 1645 82253 
7008 1042 52108 
7017 1231 61567 
7017 1231 61584 
7017 1231 61591 
7016 110 5512 
7021 845 42278 
7055 558 27913 
7001 1023 51182 
7016 264 13232 
7020 1260 63018 
7025 372 18604 
7025 622 31115 
7004 376 18810 
7014 1131 56581 
7046 52 2616 
7054 983 49153 
5547 1 59 
6110 171 8589 
7014 224 11220 
7014 204 10247 
7004 382 19108 
7004 1638 81937 
7013 119 5983 
7055 18 942 
7054 635 31761 
7003 1626 81313 
6535 161 8066 
7020 1195 59798 
7054 1963 98171 
7014 1071 53584 
5961 80 4012 
6285 141 7067 
7055 672 33619 
6798 197 9892 
7003 308 15440 
7003 1281 64063 
7010 1409 70460 
6780 143 7192 
7003 1441 72061 
7014 1642 82103 
7014 1642 82148 
7019 283 14195 
5005 26 1339 
5455 144 7244 
7020 1162 58102 
7010 422 21108 
7010 1020 51006 
7054 885 44277 
5153 91 4562 
6997 54 2735 
7017 645 32264 
7025 241 12081 
7026 825 41252 
6663 241 12093 
6783 74 3731 
6894 27 1389 
7049 265 13279 
6303 92 4635 
6303 93 4692 
7023 1385 69296 
7049 1016 50840 
7054 1277 63884 
7466 217 10882 
6765 180 9039 
7003 889 44487 
7023 1036 51831 
6934 223 11169 
6549 81 4100 
7017 869 43464 
7004 1175 58768 
7004 130 6530 
7023 25 1288 
5966 117 5873 
6341 33 1664 
7017 698 34946 
6832 36 1826 
6832 36 1845 
7001 647 32380 
7010 551 27571 
7003 600 30049 
7411 47 2394 
7054 707 35353 
6468 25 1283 
7001 686 34329 
7004 1412 70643 
7054 1174 58701 
7049 1818 90943 
7645 129 6484 
5935 31 1569 
6603 63 3176 
7049 137 6862 
5136 59 2981 
7018 828 41437 
7010 1301 65058 
5930 87 4389 
7008 1254 62735 
7010 36 1810 
7026 810 40520 
7014 1646 82330 
7023 1331 66572 
7010 1181 59088 
6803 60 3043 
7049 1418 70938 
6765 200 10016 
6765 200 10041 
7001 625 31263 
7001 625 31266 
7023 1174 58745 
7025 20 1015 
7048 44 2230 
6874 15 766 
7003 1712 85624 
6975 203 10181 
6489 43 2161 
6549 97 4880 
7010 1208 60434 
7017 1679 83962 
6881 151 7596 
7025 566 28333 
6567 1 76 
7026 290 14538 
7026 757 37851 
7026 757 37873 
6535 82 4109 
7001 314 15748 
7026 351 17571 
7026 351 17573 
7054 823 41179 
7010 744 37210 
7012 65 3288 
6405 35 1761 
7001 10 507 
7019 308 15421 
7054 74 3724 
7019 546 27346 
7020 819 40980 
7055 141 7092 
7004 937 46894 
7018 9 468 
7018 865 43261 
7021 340 17028 
7012 1699 84973 
7019 120 6037 
7001 696 34834 
7020 572 28619 
7025 575 28788 
7054 2021 101099 
6475 56 2810 
7012 1689 84492 
7017 1181 59089 
7004 976 48841 
7049 1260 63037 
7025 266 13313 
7054 1288 64447 
7008 1031 51559 
7049 88 4440 
6588 61 3086 
7014 288 14441 
7023 416 20845 
5219 9 466 
6918 53 2670 
7004 223 11198 
7010 865 43264 
7003 604 30217 
7020 1552 77641 
5179 143 7173 
7018 538 26933 
6192 135 6769 
6402 0 22 
7004 1377 68897 
7017 1293 64697 
7023 279 13961 
7049 1000 50023 
6283 72 3602 
6691 38 1904 
6916 155 7755 
7012 1091 54582 
7020 448 22428 
7054 1694 84745 
6075 28 1429 
7004 1517 75890 
7026 272 13639 
7020 1069 53451 
7054 1792 89613 
7008 562 28149 
7049 1205 60258 
6326 49 2465 
7010 474 23708 
7020 675 33790 
7016 74 3708 
7020 1207 60374 
7012 100 5031 
7004 859 42952 
5217 4 216 
7023 228 11439 
7004 1604 80216 
7023 1305 65286 
5910 28 1413 
7003 183 9191 
7003 183 9197 
7014 1315 65783 
7018 201 10056 
7023 1469 73491 
6369 46 2330 
7020 532 26601 
5125 17 876 
5897 63 3161 
7012 166 8307 
7017 1224 61201 
7004 368 18402 
7004 1514 75702 
7010 67 3374 
7014 1424 71207 
7026 407 20371 
7049 1579 78970 
7003 884 44250 
7006 328 16449 
7025 397 19854 
5384 129 6480 
6426 175 8767 
6795 39 1959 
7008 89 4495 
7020 1420 71027 
4999 54 2747 
6893 8 450 
7020 246 12321 
7020 870 43530 
7025 49 2469 
7025 49 2476 
6978 186 9340 
7023 940 47035 
7023 940 47036 
7054 1814 90729 
5016 97 4888 
7054 1216 60823 
6583 38 1921 
7017 898 44947 
7049 639 31965 
7054 1129 56486 
5519 115 5794 
7017 385 19264 
6338 9 467 
6822 94 4714 
6922 172 8636 
7054 953 47691 
6091 66 3317 
6510 81 4074 
7003 247 12353 
7014 1490 74504 
6460 24 1203 
7017 1666 83339 
7021 288 14439 
7021 438 21907 
7014 1546 77340 
7054 132 6606 
7012 1105 55282 
7019 341 17060 
7049 1407 70379 
6638 5 271 
7014 1372 68640 
7020 816 40828 
7023 881 44075 
5618 9 486 
7014 455 22768 
7001 364 18226 
7020 228 11416 
7416 59 2997 
7010 459 22985 
7017 206 10307 
7017 1444 72224 
7003 637 31881 
7018 562 28123 
7004 1052 52632 
7049 500 25012 
7049 500 25021 
7021 549 27470 
7022 165 8300 
7025 244 12227 
6283 34 1725 
6861 186 9320 
7054 1371 68573 
7003 579 28975 
7010 653 32682 
7055 464 23240 
5582 8 401 
6930 64 3238 
7003 919 45968 
7010 1122 56142 
7055 28 1429 
7008 1076 53814 
7010 1743 87166 
7048 55 2783 
6480 43 2179 
7003 666 33312 
7014 1208 60431 
4969 132 6622 
4969 132 6649 
7003 548 27413 
7016 341 17092 
5397 130 6504 
5397 135 6763 
7049 229 11471 
6687 146 7344 
7001 478 23926 
5607 50 2550 
7020 1622 81130 
6616 162 8105 
6893 123 6176 
6893 125 6256 
7017 446 22328 
7054 1128 56419 
6064 27 1379 
6837 44 2232 
7020 1497 74873 
7021 531 26582 
7018 659 32953 
7055 70 3535 
7012 653 32692 
6503 53 2690 
7014 665 33251 
7017 176 8838 
7004 599 29964 
7054 1582 79124 
6998 159 7961 
6999 23 1194 
7026 318 15926 
6303 102 5125 
6950 46 2304 
6783 61 3073 
7017 1517 75899 
6978 27 1353 
7025 552 27633 
7048 205 10288 
7018 782 39103 
7010 431 21573 
6080 27 1380 
6748 35 1772 
6765 208 10421 
7004 305 15283 
7020 1371 68558 
6649 23 1164 
7012 522 26110 
7008 59 2972 
7046 66 3303 
7014 276 13811 
6453 78 3925 
6969 117 5885 
7004 482 24122 
7010 1078 53904 
7023 1650 82504 
5593 57 2898 
6043 123 6188 
6826 81 4080 
6874 46 2339 
7003 1336 66812 
7023 832 41607 
5005 36 1823 
6692 75 3769 
7048 196 9823 
7020 1812 90635 
7016 38 1925 
6197 18 914 
7021 126 6310 
7012 652 32616 
7021 758 37940 
7010 1069 53457 
7010 1069 53475 
6339 113 5671 
6826 20 1040 
5930 81 4054 
6881 157 7873 
6881 170 8531 
6923 96 4805 
7017 559 27970 
6989 32 1609 
6989 50 2508 
7504 101 5096 
5782 53 2680 
6216 116 5826 
6427 50 2522 
7004 153 7672 
6501 17 892 
6831 116 5817 
7006 410 20524 
7008 850 42521 
7022 207 10395 
6206 77 3889 
7001 915 45759 
6583 0 26 
7017 1263 63180 
7017 1263 63189 
7023 599 29986 
6787 2 126 
6901 44 2227 
6901 53 2666 
7048 135 6775 
7049 250 12521 
6789 3 177 
5397 17 871 
5908 14 711 
7004 655 32782 
7008 1400 70048 
7020 1761 88067 
5223 36 1829 
7049 925 46271 
7540 9 460 
5493 14 735 
5493 18 941 
7001 635 31784 
7010 54 2750 
7012 99 4960 
6828 192 9607 
6828 197 9898 
7023 529 26470 
7022 136 6835 
6354 61 3062 
7054 1230 61524 
5166 2 125 
7003 813 40695 
7003 1727 86351 
7003 1727 86358 
6506 125 6255 
7020 1487 74360 
7003 182 9106 
7010 1566 78336 
7018 358 17919 
7020 1705 85262 
7054 1909 95461 
7014 915 45794 
7019 77 3868 
7014 1042 52135 
7014 1468 73408 
7014 1468 73443 
7025 501 25070 
7025 501 25076 
7011 133 6678 
7026 454 22745 
7054 1429 71482 
5151 191 9589 
6106 41 2096 
6890 22 1118 
5361 115 5752 
6936 5 287 
7004 698 34921 
7006 47 2378 
6478 143 7175 
7021 72 3601 
5988 24 1216 
7001 281 14076 
7003 1296 64848 
5139 77 3875 
7014 1111 55567 
7017 548 27431 
7001 191 9600 
7020 1922 96115 
7026 831 41588 
6030 83 4152 
7004 124 6231 
6103 56 2826 
7012 1469 73454 
7046 116 5829 
7055 749 37499 
6647 59 2967 
6683 95 4777 
6683 99 4958 
6535 17 894 
7054 1564 78218 
5025 23 1178 
5616 114 5746 
5436 4 247 
7003 220 11004 
6999 11 599 
7017 741 37074 
7026 319 15983 
7014 1644 82248 
7055 700 35028 
6936 212 10605 
7020 1119 55970 
5933 85 4264 
7023 914 45723 
7049 548 27428 
7049 548 27438 
6298 166 8322 
6642 122 6141 
6609 52 2647 
6609 56 2837 
7004 463 23174 
7018 228 11439 
7023 1260 63008 
7055 254 12735 
5216 48 2436 
5933 201 10058 
7004 1552 77619 
6579 89 4486 
6940 25 1283 
6830 225 11263 
6830 225 11272 
7004 809 40470 
7054 2002 100126 
6621 15 754 
7004 1687 84353 
7018 668 33412 
7001 783 39197 
7003 299 14965 
7018 808 40409 
7023 564 28246 
7017 1019 50976 
5368 29 1497 
7022 180 9009 
7023 1084 54231 
6765 44 2211 
5524 42 2115 
5947 111 5570 
7055 585 29268 
7023 753 37681 
7016 191 9554 
7012 1028 51405 
7021 857 42867 
7001 407 20386 
7006 170 8515 
7012 10 528 
7010 14 747 
6303 128 6413 
7012 184 9227 
6959 106 5328 
7001 302 15104 
7010 11 587 
7001 711 35596 
7049 1042 52139 
6663 116 5850 
7008 251 12573 
7008 251 12599 
7017 910 45535 
6932 120 6011 
6960 155 7790 
7008 627 31363 
7012 70 3501 
7014 233 11655 
7025 381 19077 
7004 1225 61254 
7003 1330 66539 
7054 563 28177 
7054 1783 89154 
7008 810 40517 
7014 764 38201 
6118 217 10885 
6836 45 2260 
6958 76 3841 
7049 386 19308 
7049 1107 55390 
7001 468 23430 
7012 410 20525 
6336 86 4325 
7026 683 34155 
7014 1587 79395 
7046 118 5934 
7054 1175 58775 
7003 468 23402 
7023 1380 69018 
7003 1663 83178 
7010 380 19004 
6837 213 10679 
7020 763 38179 
7021 160 8001 
7287 17 897 
6369 126 6345 
7008 1123 56195 
7004 74 3714 
7011 283 14168 
7054 776 38804 
6932 70 3518 
7003 954 47710 
7023 430 21549 
7012 39 1967 
7014 1302 65127 
7017 56 2845 
7375 1 88 
6957 130 6516 
7020 1223 61172 
6547 11 587 
7054 1724 86224 
7023 114 5740 
6479 48 2424 
6780 128 6438 
6286 169 8461 
6991 235 11778 
7001 47 2358 
7001 47 2386 
7012 252 12633 
7008 1048 52411 
7054 994 49704 
7054 994 49739 
5059 52 2641 
7023 792 39615 
7006 606 30322 
7020 322 16127 
7046 12 608 
7049 948 47419 
7055 538 26943 
5470 50 2523 
7014 1538 76902 
7023 1522 76119 
7008 914 45738 
7020 1472 73637 
6176 103 5153 
6907 18 939 
7004 1033 51695 
7021 625 31264 
7021 625 31274 
5147 14 734 
7003 1693 84674 
7008 1371 68594 
7026 517 25853 
7047 45 2257 
7054 1172 58626 
7004 1202 60114 
7023 258 12935 
7012 395 19763 
7016 67 3398 
7021 461 23097 
7025 271 13575 
6404 145 7286 
7145 26 1344 
7001 220 11008 
7003 282 14134 
7008 356 17818 
7020 1427 71377 
7054 784 39205 
7055 743 37175 
7580 19 996 
7014 614 30725 
6110 58 2927 
6221 39 1980 
7008 1317 65866 
7014 95 4761 
7055 516 25809 
6439 69 3481 
7055 435 21779 
7003 1667 83391 
5949 38 1933 
5949 43 2161 
7049 1059 52975 
7004 1528 76440 
7011 70 3533 
7012 1703 85185 
7025 538 26920 
6633 39 1984 
7010 1279 63988 
7653 1 70 
5143 6 319 
5966 152 7627 
6955 231 11592 
7017 118 5914 
6830 0 42 
7025 513 25700 
7003 40 2038 
6376 21 1057 
7001 428 21429 
7018 212 10623 
7018 212 10626 
7018 212 10638 
7020 440 22029 
7023 721 36085 
5911 59 2961 
6441 25 1297 
7001 710 35548 
7021 187 9351 
5025 78 3902 
7010 348 17410 
7010 667 33360 
6675 9 462 
5093 42 2115 
6921 181 9093 
6553 50 2538 
7003 669 33466 
7004 242 12122 
7017 629 31489 
7017 106 5335 
7049 994 49721 
7016 232 11608 
7019 485 24279 
7020 1274 63744 
7004 506 25337 
7568 6 334 
6866 20 1006 
7054 1562 78102 
7012 773 38695 
7054 1574 78748 
6786 43 2158 
7021 729 36451 
7017 1245 62286 
6031 205 10261 
6075 8 438 
7006 376 18840 
7018 973 48656 
5361 31 1576 
5478 3 153 
5417 3 179 
6091 125 6271 
6855 4 223 
7018 657 32866 
7049 1819 90990 
7502 7 355 
6939 76 3847 
6939 79 3970 
7004 129 6497 
7008 274 13726 
7010 1142 57104 
7010 1142 57122 
7012 351 17558 
5031 12 632 
7010 331 16599 
7049 388 19413 
5564 175 8761 
7012 718 35940 
7049 832 41628 
6769 206 10343 
6917 107 5388 
7001 737 36881 
7003 1079 53983 
7017 979 48992 
7004 1362 68112 
7049 257 12852 
7054 1404 70205 
7001 531 26592 
7012 298 14912 
7049 829 41499 
7001 989 49471 
7049 1413 70654 
7001 176 8838 
7026 621 31060 
7047 71 3577 
7054 1195 59799 
5774 23 1196 
7001 125 6292 
7003 1389 69455 
7003 1270 63507 
7054 365 18293 
5607 52 2606 
7010 1034 51707 
7023 820 41001 
7004 985 49278 
7010 842 42130 
7017 405 20278 
7025 625 31262 
5983 9 492 
7017 249 12460 
7046 115 5774 
6666 19 989 
7014 731 36566 
7623 85 4254 
7025 356 17850 
6551 83 4159 
6977 56 2802 
7001 171 8597 
6592 81 4086 
7008 960 48034 
7018 65 3252 
7020 113 5683 
7025 257 12889 
7049 1122 56102 
6480 118 5921 
6480 120 6045 
7023 370 18523 
5382 57 2884 
6907 167 8373 
7020 1398 69904 
7729 130 6544 
7054 521 26051 
6649 40 2027 
7012 1086 54323 
7055 109 5466 
7055 109 5489 
6950 37 1862 
7020 1078 53922 
5341 27 1370 
5341 27 1385 
7026 72 3620 
7049 1275 63770 
7014 648 32440 
5971 78 3902 
6773 133 6659 
5966 108 5417 
7014 705 35261 
7003 1107 55378 
7018 599 29990 
7023 257 12881 
7023 257 12890 
5910 102 5102 
5371 23 1197 
5576 87 4386 
7012 1011 50554 
7008 412 20636 
7023 272 13613 
6572 116 5821 
7004 1596 79831 
7010 442 22123 
7010 1144 57237 
5910 72 3639 
6216 124 6215 
7010 38 1933 
7020 1634 81722 
6058 184 9228 
7003 1695 84773 
7014 622 31122 
7018 803 40151 
7026 39 1960 
6792 3 172 
7012 1673 83677 
7012 1673 83681 
7054 502 25140 
5204 143 7181 
7023 1649 82500 
6999 44 2208 
7017 788 39444 
7012 104 5208 
7023 787 39400 
7049 621 31086 
7006 346 17314 
7049 1522 76139 
6065 36 1831 
6551 4 219 
7014 1292 64607 
7003 187 9379 
6756 142 7115 
7014 860 43034 
7049 753 37700 
5059 39 1967 
5440 47 2351 
7014 1454 72750 
7017 1439 71984 
6975 190 9534 
7004 1239 61989 
6668 82 4140 
7016 173 8668 
7008 156 7840 
5906 191 9575 
4971 4 215 
6696 33 1684 
7013 130 6528 
7049 729 36460 
7049 1151 57567 
7020 524 26245 
7054 1010 50545 
7020 733 36677 
6105 29 1490 
6203 2 134 
7021 801 40078 
7021 801 40098 
7003 1192 59646 
6690 164 8202 
7001 595 29766 
7010 1528 76423 
7055 467 23364 
7014 307 15357 
7010 196 9814 
