Run Subrun Event
6565 133 6666 
5915 3 199 
6958 9 453 
6417 37 1886 
5201 9 500 
6953 16 815 
6549 74 3710 
6070 115 5794 
6510 50 2545 
6510 86 4341 
6674 24 1238 
5515 184 9224 
6663 46 2349 
6905 65 3284 
6888 94 4742 
6959 106 5338 
6854 2 145 
6283 82 4122 
6906 18 917 
6763 64 3239 
5182 9 474 
6140 35 1788 
5169 89 4493 
6542 223 11194 
6596 43 2176 
6917 236 11839 
6358 32 1614 
6908 75 3786 
6230 59 2992 
6871 72 3628 
6998 76 3843 
6766 57 2893 
6960 169 8477 
5437 54 2741 
5017 15 769 
5921 104 5225 
5265 54 2727 
5265 109 5486 
5616 64 3217 
5616 181 9072 
5127 95 4780 
6021 66 3305 
6520 42 2104 
6671 71 3559 
5399 4 244 
5177 6 307 
6198 219 10986 
6210 32 1619 
6382 70 3544 
6487 7 367 
