Run Subrun Event
5532 80 4004 
5515 64 3250 
5515 71 3554 
5515 82 4117 
5515 87 4359 
5515 218 10915 
5151 176 8824 
5155 64 3239 
5767 171 8569 
5170 0 36 
5464 8 431 
5509 29 1476 
5557 90 4507 
5185 44 2203 
5709 5 264 
5925 55 2775 
5932 36 1812 
5647 30 1517 
5564 112 5638 
5933 154 7732 
5512 121 6089 
5719 63 3159 
5368 62 3146 
5487 19 962 
5487 30 1547 
5487 44 2222 
5487 73 3659 
5583 11 578 
5233 18 926 
5384 59 2982 
5536 18 915 
5536 62 3103 
5772 17 852 
5914 23 1179 
5709 101 5099 
5151 136 6827 
5151 192 9610 
5589 20 1007 
5918 22 1138 
5923 24 1247 
5938 38 1944 
5513 89 4478 
5564 88 4413 
5564 212 10624 
5593 5 282 
5204 111 5552 
5774 42 2104 
5758 53 2684 
5933 23 1159 
5607 62 3119 
5892 56 2802 
5169 172 8602 
5647 16 809 
5526 24 1234 
5376 8 427 
5185 37 1883 
5522 21 1080 
5191 60 3025 
5191 95 4774 
5208 63 3198 
5208 86 4319 
5403 36 1840 
5499 10 546 
5361 38 1920 
5273 55 2785 
5273 134 6746 
5409 33 1664 
5782 27 1376 
5782 38 1919 
5782 64 3212 
5782 122 6129 
5451 11 576 
5451 19 960 
5344 29 1460 
5729 6 310 
5729 6 350 
5390 16 821 
5211 50 2519 
5211 85 4275 
5331 159 7953 
5229 12 625 
5237 67 3364 
5512 82 4146 
5519 30 1525 
5519 34 1742 
5331 93 4660 
5776 8 444 
5776 14 715 
5384 140 7032 
5527 79 3959 
5368 130 6501 
5377 25 1272 
5459 113 5660 
5654 7 373 
5146 37 1877 
5474 9 500 
5474 83 4170 
5153 45 2293 
5497 53 2665 
5151 12 610 
5344 7 369 
5532 8 431 
5450 12 623 
5617 33 1673 
5418 0 21 
5364 186 9346 
5263 67 3387 
5703 41 2070 
5367 9 493 
5195 17 878 
5643 16 801 
5385 10 528 
5606 4 241 
5606 62 3124 
5606 68 3425 
5606 84 4228 
5691 130 6523 
5691 155 7776 
5331 70 3530 
5331 115 5764 
5384 49 2470 
5191 38 1918 
5322 16 818 
5499 124 6208 
5515 215 10755 
5691 172 8641 
5262 1 71 
5237 30 1547 
5237 40 2032 
5924 38 1905 
5561 51 2557 
5653 50 2541 
5540 0 18 
5540 8 449 
5581 36 1837 
5726 5 255 
5726 79 3999 
5262 35 1755 
5262 37 1864 
5478 10 519 
5136 22 1150 
5328 54 2708 
5332 68 3410 
5897 52 2602 
5513 49 2498 
5774 52 2627 
5281 58 2905 
5124 25 1288 
5924 26 1343 
5564 45 2267 
5328 41 2061 
5328 80 4013 
5525 65 3268 
5412 66 3338 
5412 157 7880 
5729 98 4909 
5729 122 6102 
5444 37 1884 
5521 62 3104 
5127 8 421 
5127 129 6462 
5741 43 2154 
5262 40 2036 
5164 31 1551 
5533 4 212 
5533 5 271 
5946 54 2720 
5368 116 5831 
5691 141 7096 
5263 76 3801 
5508 7 379 
5154 68 3431 
5339 55 2769 
5339 87 4384 
5419 69 3466 
5433 169 8452 
5343 16 840 
5418 162 8113 
5418 165 8293 
5452 18 929 
5525 35 1789 
5725 54 2712 
5134 31 1561 
5155 98 4919 
5280 37 1874 
5370 86 4318 
5151 31 1553 
5151 147 7353 
5203 100 5041 
5262 112 5635 
5777 23 1153 
5777 24 1231 
5691 37 1861 
5937 21 1100 
5147 1 98 
5147 41 2060 
5437 12 627 
5531 92 4614 
5377 48 2418 
5418 20 1043 
5512 45 2291 
5512 165 8288 
5512 166 8304 
5462 25 1292 
5532 18 931 
5557 46 2338 
5557 145 7271 
5643 2 111 
5906 61 3054 
5586 193 9652 
5597 40 2049 
5208 117 5881 
5897 0 21 
5933 61 3078 
5187 180 9050 
5935 42 2136 
5935 96 4843 
5935 99 4997 
5606 36 1838 
5606 96 4809 
5938 43 2196 
5275 41 2082 
5512 9 454 
5758 58 2947 
5516 81 4062 
5155 71 3599 
5155 121 6099 
5146 6 309 
5146 7 368 
5146 13 661 
5229 70 3518 
5470 53 2659 
5470 53 2663 
5375 41 2053 
5916 3 176 
5459 215 10782 
5440 4 232 
5462 81 4062 
5462 81 4088 
5520 14 735 
5155 1 69 
5170 21 1096 
5385 9 483 
5385 136 6819 
5653 47 2399 
5925 8 428 
5925 81 4093 
5445 13 694 
5154 161 8065 
5566 37 1859 
5566 37 1863 
5709 94 4702 
5331 198 9924 
5782 136 6804 
5643 12 623 
5382 90 4541 
5382 138 6916 
5403 14 733 
5607 2 138 
5157 11 585 
5909 72 3613 
5588 52 2614 
5588 92 4631 
5189 15 768 
5783 83 4191 
5437 122 6108 
5656 28 1402 
5713 20 1004 
5204 57 2871 
5440 52 2604 
5237 24 1202 
5370 126 6331 
5216 52 2627 
5153 1 55 
5153 2 115 
5153 91 4561 
5364 87 4385 
5364 131 6553 
5229 68 3447 
5127 114 5728 
5171 16 829 
5331 89 4491 
5235 39 1986 
5508 136 6813 
5278 80 4046 
5164 40 2027 
5487 9 466 
5328 90 4519 
5328 91 4577 
5169 92 4630 
5332 106 5324 
5339 107 5367 
5932 13 661 
5208 110 5537 
5208 145 7292 
5512 4 222 
5515 51 2578 
5370 16 824 
5516 51 2565 
5516 60 3049 
5160 19 973 
5331 102 5102 
5724 3 160 
5925 80 4021 
5262 110 5545 
5179 18 901 
5177 5 285 
5371 21 1063 
5412 61 3062 
5462 36 1843 
5179 124 6210 
5411 39 1974 
5394 61 3094 
5783 131 6555 
5540 35 1780 
5540 70 3509 
5361 94 4742 
5361 98 4938 
5361 167 8400 
5511 7 354 
5769 48 2430 
5155 133 6689 
5262 2 139 
5280 99 4985 
5930 29 1487 
5930 64 3231 
5187 21 1089 
5187 30 1534 
5703 28 1425 
5741 40 2043 
5906 45 2264 
5906 120 6036 
5906 133 6682 
5412 51 2571 
5527 38 1934 
5527 93 4673 
5262 60 3037 
5262 211 10573 
5371 44 2211 
5273 8 421 
5273 102 5147 
5273 154 7720 
5437 79 3961 
5906 8 401 
5233 7 396 
5161 7 373 
5767 211 10590 
5705 109 5465 
5179 70 3542 
5705 65 3287 
5694 51 2594 
5606 41 2096 
5606 73 3657 
5192 2 112 
5614 11 592 
5724 13 657 
5724 24 1237 
5273 4 210 
5204 20 1020 
5215 51 2571 
5909 63 3189 
5419 16 815 
5187 1 89 
5532 82 4141 
5391 21 1071 
5191 3 187 
5440 43 2152 
5478 8 440 
5478 60 3041 
5361 205 10292 
5394 5 252 
5394 24 1207 
5480 32 1627 
5896 44 2227 
5445 52 2618 
5169 52 2626 
5725 59 2973 
5130 11 567 
5371 69 3484 
5905 34 1731 
5474 62 3133 
5895 30 1524 
5647 19 977 
5204 51 2590 
5375 28 1429 
5932 3 164 
5367 6 336 
5216 27 1367 
5332 35 1788 
5194 20 1031 
5194 23 1164 
5208 57 2889 
5384 44 2245 
5384 102 5134 
5384 109 5469 
5501 35 1752 
5762 109 5467 
5233 93 4689 
5480 35 1795 
5211 10 550 
5211 35 1787 
5519 142 7150 
5452 16 824 
5452 26 1348 
5581 74 3714 
5211 42 2131 
5427 14 729 
5181 0 46 
5181 29 1476 
5598 25 1257 
5741 12 611 
5694 33 1662 
5179 0 14 
5397 9 471 
5725 98 4943 
5783 15 770 
5204 22 1137 
5204 119 5971 
5891 139 6999 
5498 22 1111 
5272 3 197 
5272 70 3506 
5272 72 3636 
5331 73 3661 
5515 216 10824 
5451 5 256 
5385 4 235 
5705 28 1439 
5705 143 7200 
5499 143 7158 
5933 65 3273 
5691 5 256 
5177 3 152 
5333 40 2001 
5733 18 943 
5328 2 112 
5270 3 188 
5270 36 1810 
5270 41 2090 
5437 160 8040 
5146 35 1797 
5154 192 9636 
5569 3 159 
5470 27 1373 
5470 45 2261 
5470 78 3935 
5609 21 1058 
5609 32 1649 
5368 38 1905 
5124 20 1002 
5370 33 1677 
5280 102 5124 
5331 25 1285 
5184 34 1728 
5719 71 3574 
5499 19 978 
5499 62 3146 
5906 179 8996 
5527 88 4418 
5332 11 589 
5521 10 503 
5765 55 2785 
5905 70 3533 
5385 88 4424 
5924 25 1267 
5399 42 2107 
5891 119 5977 
5489 63 3176 
