Run Subrun Event
6871 72 3628 
5169 89 4493 
6959 106 5338 
6283 82 4122 
5127 95 4780 
5921 104 5225 
6487 7 367 
5437 54 2741 
6813 217 10856 
6382 70 3544 
6906 18 917 
6998 76 3843 
6520 42 2104 
5177 6 307 
6596 43 2176 
6960 169 8477 
5265 54 2727 
5265 109 5486 
6198 219 10986 
6542 223 11194 
6854 2 145 
6888 94 4742 
5515 184 9224 
5201 9 500 
5589 61 3098 
6230 59 2992 
6917 236 11839 
5182 9 474 
6021 66 3305 
6776 4 220 
6671 71 3559 
5399 4 244 
6565 133 6666 
6908 75 3786 
6674 24 1238 
5017 15 769 
6905 65 3284 
6070 115 5794 
6140 35 1788 
6663 46 2349 
6417 37 1886 
6549 74 3710 
6763 64 3239 
5767 18 918 
6210 32 1619 
6977 79 3963 
6766 57 2893 
6482 115 5782 
5616 64 3217 
5616 181 9072 
6358 32 1614 
6958 9 453 
6510 50 2545 
6510 86 4341 
6589 83 4151 
5915 3 199 
6953 16 815 
